854 2980
229 670
711 707
489 91
804 329
18 428
808 567
370 773
429 561
73 741
116 781
613 585
120 328
581 266
601 17
251 85
821 178
181 343
92 457
38 350
649 496
180 206
474 569
457 813
633 785
741 16
682 232
69 690
69 269
755 140
222 805
262 209
121 214
184 796
170 141
320 231
28 296
157 342
175 614
695 218
589 371
847 80
558 29
456 601
658 377
363 517
600 181
206 730
262 313
690 243
581 21
448 703
379 645
73 243
770 827
56 330
438 30
259 367
405 276
408 221
281 337
10 696
754 432
93 716
705 92
17 783
508 536
589 801
609 662
220 830
828 331
41 527
558 627
671 783
692 384
250 671
406 555
738 353
77 414
43 684
651 338
546 316
391 84
625 731
706 173
173 519
548 757
308 114
832 289
766 244
514 190
629 548
207 797
79 200
835 638
135 170
666 252
68 351
236 456
21 9
593 777
334 581
606 231
265 168
254 650
646 717
612 312
558 675
499 779
356 523
654 118
362 133
324 604
473 446
457 546
149 220
336 317
583 400
15 647
74 471
131 763
69 773
240 770
235 467
621 7
146 609
211 310
472 555
429 91
362 852
719 347
704 501
726 315
452 219
143 1
254 843
365 444
683 20
152 748
463 398
11 204
487 308
316 459
22 854
683 616
339 261
106 750
235 436
59 302
39 726
701 591
597 280
155 509
254 187
558 425
91 277
127 627
536 123
4 689
96 562
133 536
372 197
779 26
763 241
547 499
605 345
646 147
546 633
51 816
74 524
119 545
280 226
797 142
158 818
105 710
287 545
365 140
112 688
543 165
636 777
448 658
418 422
520 412
409 182
306 675
510 14
496 419
445 843
786 700
833 525
628 356
560 17
616 78
394 337
533 450
421 179
793 122
387 306
820 463
572 165
38 388
4 679
266 173
845 344
55 142
490 462
789 522
769 6
525 426
488 228
565 349
509 231
681 33
256 559
259 640
405 28
372 542
154 713
358 468
175 646
469 63
686 845
598 270
223 96
406 117
246 387
230 146
695 124
515 394
612 375
735 71
813 710
354 96
838 781
782 14
451 80
307 426
607 31
493 619
810 648
87 18
407 400
687 690
600 657
330 88
24 77
314 443
410 838
214 671
780 663
344 287
343 164
771 57
847 791
171 680
632 838
227 545
221 44
34 352
470 41
471 149
723 94
646 667
721 173
203 831
240 515
331 265
298 716
704 583
176 160
658 242
822 235
683 484
365 554
187 771
259 419
619 843
506 471
39 200
16 771
704 468
456 693
644 816
276 317
578 694
225 838
766 665
234 195
436 571
674 12
731 576
554 581
525 79
313 670
116 374
26 417
564 831
208 404
687 22
179 568
749 809
833 413
686 41
154 691
799 266
307 703
363 113
93 773
319 44
88 835
676 611
470 204
366 9
407 819
374 217
736 632
235 200
471 171
147 4
508 191
295 377
830 267
740 730
61 460
464 384
428 158
176 207
267 341
48 558
363 658
49 208
598 88
348 453
740 28
407 529
84 213
376 518
585 616
15 767
307 302
101 407
224 464
669 334
301 255
394 380
345 93
791 83
223 68
674 576
126 657
491 276
254 816
403 554
437 451
752 664
32 693
849 795
403 484
6 565
406 462
64 145
94 419
726 647
322 236
663 146
367 652
43 135
172 468
250 736
823 706
19 293
807 772
385 165
118 189
622 328
763 639
837 343
652 37
148 140
404 569
8 823
467 356
621 368
343 564
55 687
688 24
624 555
750 682
363 100
381 285
660 707
496 190
354 308
693 330
751 755
611 750
460 424
134 681
525 607
824 721
14 548
518 510
4 205
8 830
491 157
698 556
53 696
388 102
500 483
597 59
337 522
545 45
333 210
224 485
186 849
832 681
275 284
852 239
105 647
140 531
648 588
314 23
208 510
558 825
764 515
564 416
382 528
223 373
78 520
315 854
83 725
194 592
123 795
841 751
643 279
759 500
804 514
328 240
110 215
701 443
519 163
543 210
603 623
658 398
453 109
202 632
663 46
496 704
43 436
406 61
709 316
177 155
254 411
436 90
171 837
283 492
602 137
86 467
493 413
405 730
704 195
80 728
63 298
122 431
555 319
59 434
661 251
98 404
589 789
203 104
835 402
642 741
537 406
370 820
317 60
762 238
597 112
760 5
329 835
401 1
292 187
420 496
387 50
812 785
710 602
713 454
380 326
57 362
438 244
150 184
734 523
320 441
119 43
613 584
53 329
192 30
59 459
79 772
705 381
796 487
68 224
577 99
616 528
454 296
757 598
5 172
699 826
582 52
229 767
180 390
698 593
400 526
33 822
675 182
629 434
539 614
152 89
778 167
239 477
392 29
28 795
450 783
531 10
352 694
501 352
781 622
341 701
470 591
641 337
71 409
257 424
296 328
61 557
374 727
212 356
175 80
214 576
657 388
508 357
741 337
534 742
537 130
77 73
846 617
45 32
708 189
225 130
583 654
70 615
108 251
205 346
300 549
328 422
664 426
372 729
393 673
500 817
531 826
331 57
816 111
376 33
805 67
185 176
458 126
404 406
540 811
154 343
246 241
584 575
307 367
610 547
607 663
683 366
849 122
540 263
190 839
251 343
648 171
741 807
334 711
394 398
51 44
476 551
424 410
722 554
11 80
302 682
779 270
522 216
482 310
301 168
750 354
204 322
687 706
545 282
374 684
504 315
747 265
269 784
19 354
722 402
359 706
554 753
403 445
392 533
817 767
180 9
184 636
555 821
650 687
720 14
8 581
536 235
829 189
619 426
197 261
220 23
493 847
599 533
599 64
801 316
306 191
367 360
697 643
167 212
766 197
778 360
505 293
390 730
370 733
663 629
833 838
651 85
482 719
104 774
162 772
507 573
532 666
853 167
240 613
42 17
428 806
638 854
141 102
168 836
29 422
838 9
70 722
498 228
619 122
254 794
456 358
592 595
103 186
33 279
167 601
60 162
80 672
67 302
675 583
512 419
170 269
182 629
109 555
721 584
646 260
392 353
596 695
531 165
400 635
628 9
601 620
482 37
448 509
781 277
169 650
342 537
553 83
80 195
448 108
747 538
215 469
52 614
722 340
512 847
303 216
479 240
36 335
535 456
848 258
285 576
221 718
778 622
770 251
697 841
226 70
833 86
168 208
503 43
34 235
672 217
479 631
460 619
818 88
692 649
357 407
773 421
422 733
152 401
262 246
763 76
249 121
270 26
110 160
679 330
365 691
24 381
478 807
83 510
674 157
747 817
325 522
771 522
846 466
8 778
408 431
746 725
485 533
400 366
471 582
356 207
685 374
814 106
391 698
180 244
290 459
112 183
441 57
271 491
322 261
752 781
554 438
421 746
760 39
544 537
269 103
32 146
41 281
37 474
44 55
357 8
485 542
86 436
5 753
371 305
154 201
728 750
820 156
754 629
611 305
494 407
723 53
525 140
138 158
709 10
257 300
486 189
784 503
425 29
299 417
28 539
772 61
560 266
482 201
205 129
121 741
140 391
433 395
658 68
622 749
678 131
180 44
539 203
133 736
8 476
562 799
150 248
854 618
160 247
344 766
109 44
753 723
204 315
575 467
426 269
637 640
393 407
507 490
398 367
720 724
355 782
687 145
799 6
751 850
145 135
184 475
636 384
385 302
647 210
101 537
783 13
665 407
357 395
841 488
848 411
751 650
37 147
663 163
295 574
114 132
633 782
406 72
528 750
123 393
698 440
221 455
578 95
686 292
121 211
312 659
272 512
254 767
648 57
367 9
792 737
85 332
230 494
12 53
603 250
566 482
126 175
400 799
74 623
590 51
368 222
363 526
111 718
365 767
402 709
259 174
600 445
548 131
512 404
821 833
479 699
650 661
133 335
530 113
138 449
699 160
132 316
853 449
104 139
622 382
195 724
32 722
364 709
22 840
78 206
191 831
503 178
161 309
272 336
710 251
40 546
812 423
632 784
601 839
468 842
583 382
126 810
109 349
436 488
204 439
166 634
273 123
450 19
492 813
7 648
474 157
351 433
498 807
100 247
444 372
712 60
765 814
808 285
609 225
827 150
540 735
776 760
779 267
483 86
265 495
451 791
680 799
510 203
113 213
100 408
377 227
360 570
815 215
108 476
520 482
519 346
562 430
178 423
62 464
123 183
695 298
751 825
40 299
722 721
687 395
780 223
601 411
527 456
786 745
556 327
604 849
71 854
437 562
433 848
304 554
749 57
282 506
719 348
334 769
23 213
405 650
248 706
709 278
688 716
17 401
715 70
453 547
116 438
575 722
834 328
504 80
584 21
639 495
514 628
382 732
753 602
334 547
725 359
427 492
339 382
819 85
35 25
20 675
209 692
176 502
682 509
204 476
591 528
353 417
215 394
617 141
232 472
609 334
737 369
666 521
810 658
100 343
155 721
254 7
627 776
793 304
264 546
45 483
709 66
513 612
56 836
311 835
681 528
576 165
150 317
282 583
562 456
726 449
514 826
329 123
717 2
848 772
23 235
766 156
822 402
471 96
511 578
790 518
275 128
51 818
33 780
513 716
684 729
9 624
156 737
798 717
693 272
507 671
698 845
384 834
24 457
281 139
836 742
691 294
693 129
803 10
456 853
842 492
660 619
458 754
421 25
162 94
619 143
341 807
820 369
803 558
22 56
281 421
618 595
107 253
644 377
762 51
745 25
29 315
729 298
621 449
566 578
750 159
127 71
662 694
511 228
528 628
578 683
547 738
194 160
605 312
643 7
94 665
773 354
684 502
207 529
279 342
440 377
139 484
603 718
343 75
510 456
277 382
423 499
742 151
45 445
587 665
767 544
81 121
718 491
774 585
777 65
210 761
503 680
324 667
470 366
1 229
847 776
8 732
851 746
671 533
532 23
716 276
552 845
216 341
426 525
138 409
543 625
303 508
120 81
58 679
142 438
409 508
801 534
234 497
531 381
825 229
648 725
630 528
666 73
742 468
373 36
707 265
83 311
753 654
183 807
294 494
683 743
47 276
252 553
346 444
224 299
481 188
100 56
543 35
818 213
485 482
608 211
396 387
825 125
817 737
286 470
680 840
164 377
114 497
682 161
77 681
299 44
264 431
665 396
487 672
490 196
146 98
224 435
388 443
118 174
851 760
691 254
414 453
270 334
55 301
721 164
703 427
523 817
765 136
461 673
184 122
19 494
703 109
318 688
742 717
484 152
200 303
623 753
384 321
222 527
634 727
636 183
659 782
289 434
6 34
682 59
701 269
167 433
243 448
778 477
411 540
67 174
68 765
289 248
111 313
155 531
802 704
175 582
323 457
568 429
255 473
457 760
542 300
263 366
656 5
396 256
435 730
610 171
268 351
568 810
228 140
500 59
66 601
358 571
51 666
311 377
812 772
395 770
525 512
551 249
122 711
223 845
777 753
730 785
104 731
393 179
837 162
712 26
222 21
223 169
120 571
427 412
234 252
288 38
15 710
34 534
163 595
635 803
848 345
705 811
338 417
176 588
653 353
212 599
668 515
426 146
66 790
665 94
440 10
331 166
796 373
815 589
211 614
748 736
342 214
310 293
476 85
276 42
684 95
101 59
807 752
765 4
13 31
514 113
769 511
534 116
754 621
520 376
773 549
602 476
749 91
753 469
327 5
826 676
849 812
426 576
669 207
302 776
717 525
17 616
696 174
156 377
705 539
157 321
655 710
580 492
32 709
785 746
839 586
695 652
516 639
719 144
304 197
746 321
500 576
508 637
645 467
774 99
151 398
373 735
176 468
231 220
218 115
788 654
27 206
530 526
105 790
243 482
431 140
553 221
104 133
170 335
18 333
752 488
77 163
224 761
333 57
687 64
619 477
682 311
180 807
162 758
255 567
226 324
214 375
143 185
516 8
556 345
405 195
800 69
233 497
638 766
396 509
289 157
645 291
701 838
336 331
577 771
562 707
816 239
654 19
451 42
416 717
810 165
2 544
847 742
50 341
227 231
142 470
473 74
534 25
422 744
447 143
584 479
530 186
277 811
811 216
80 110
171 185
778 572
548 713
292 165
331 649
133 13
282 770
33 169
146 575
55 653
153 535
462 689
561 723
286 853
216 380
68 481
768 467
255 549
181 642
610 65
350 694
22 356
633 347
192 741
9 785
412 506
626 833
571 29
681 589
242 118
667 372
76 345
692 372
32 626
367 383
492 498
666 516
632 140
188 698
246 641
431 172
318 823
137 220
580 632
605 418
511 692
498 116
685 672
27 317
136 601
571 633
107 62
252 752
192 397
550 769
183 296
332 243
776 393
316 322
779 602
337 835
440 79
802 834
800 519
819 152
494 363
558 202
612 671
763 341
278 523
303 323
784 3
655 341
402 16
313 846
557 317
230 723
389 790
838 400
803 142
330 766
612 774
520 748
595 48
247 151
433 767
505 355
787 236
770 332
647 349
686 328
372 731
506 792
512 699
828 508
539 268
614 832
652 613
599 220
817 312
321 819
189 109
538 137
759 467
559 182
373 442
836 499
654 158
31 68
396 186
513 635
326 191
313 525
673 202
794 59
250 806
663 69
353 108
546 821
709 263
638 72
735 120
368 154
114 425
180 727
734 416
94 462
478 695
778 172
338 465
815 33
319 12
449 163
59 489
186 723
5 456
762 751
634 536
141 654
771 555
315 810
562 83
486 630
187 567
353 291
794 763
137 111
193 346
467 295
74 562
660 797
165 559
226 130
598 599
725 172
673 414
503 359
801 756
72 740
142 444
127 70
554 395
475 795
719 386
760 6
264 672
799 506
418 579
780 539
476 640
312 737
194 615
345 164
127 361
130 693
94 98
421 402
170 89
188 808
63 652
91 532
108 55
789 632
353 149
796 492
769 305
823 738
437 419
534 627
495 747
721 24
414 714
315 260
8 18
45 712
525 649
29 420
496 69
422 392
685 67
650 429
410 246
782 472
430 237
506 162
397 582
287 763
484 572
571 497
536 269
129 201
113 460
774 251
376 63
32 417
603 375
754 130
220 701
152 389
371 827
834 673
465 383
10 47
670 412
780 575
346 71
734 36
572 199
437 615
481 671
207 172
58 367
319 583
395 798
639 233
720 215
296 276
334 289
613 559
744 221
729 98
90 499
588 342
311 51
683 561
388 585
83 669
427 424
656 8
470 270
91 16
827 554
383 653
501 428
200 324
429 778
123 470
602 562
52 365
363 10
753 646
679 335
40 55
453 251
266 242
692 551
217 731
212 595
827 776
667 316
464 396
182 659
321 651
75 169
795 144
635 337
728 173
711 842
142 489
457 505
160 138
648 793
574 300
832 155
619 837
430 36
362 294
696 5
109 208
208 729
290 88
119 300
545 317
711 183
848 394
519 410
834 853
809 409
251 77
489 354
185 705
833 173
279 487
158 65
83 497
568 850
219 85
685 848
687 737
86 232
269 264
143 275
368 568
11 612
266 465
417 360
644 688
648 161
298 110
635 843
687 370
278 492
268 778
213 647
535 836
735 518
43 830
561 295
190 35
581 743
514 119
191 90
773 96
263 503
229 616
287 363
437 384
408 528
301 774
788 819
661 401
333 181
776 396
374 89
279 602
413 296
768 788
235 328
474 509
539 646
437 653
465 150
412 96
365 134
78 362
104 213
703 640
597 11
639 293
384 14
91 294
614 37
80 788
142 171
200 547
328 632
732 475
495 57
687 256
820 640
200 253
130 354
555 120
233 288
522 113
648 578
806 20
167 808
761 199
318 719
265 798
305 236
472 129
476 262
188 242
722 781
526 165
458 531
434 18
109 716
537 711
403 578
703 503
617 319
230 492
712 165
452 267
292 330
426 362
335 308
281 613
615 422
829 773
126 619
14 275
38 24
96 420
65 555
504 682
433 357
644 773
79 629
831 592
191 603
657 406
14 448
454 566
326 716
721 814
443 630
483 194
75 574
468 472
541 729
81 440
185 617
819 624
317 439
355 28
559 775
567 555
642 4
553 44
33 322
645 452
500 355
360 654
319 526
603 44
398 748
73 64
755 262
149 795
827 97
23 765
729 525
108 676
474 612
36 163
137 516
300 232
544 193
600 286
411 346
479 613
51 316
271 259
410 459
840 156
470 587
54 511
645 131
612 317
425 571
393 79
305 522
86 369
489 534
551 583
166 706
336 143
246 75
171 788
381 753
367 608
523 514
125 278
507 650
505 769
419 710
349 793
315 482
685 671
476 391
263 457
267 522
842 36
805 176
418 402
700 541
737 269
594 581
160 656
571 808
547 220
827 642
170 514
353 287
775 116
2 509
538 63
689 758
617 420
149 821
576 763
497 211
760 242
372 248
797 510
410 96
88 773
697 365
479 665
208 25
692 379
782 54
60 765
405 412
389 600
835 680
655 230
827 191
666 646
224 669
210 416
303 312
269 504
70 38
19 241
184 741
722 263
425 669
227 114
11 430
432 52
144 622
571 636
108 534
704 27
509 415
261 42
390 552
396 409
52 798
625 244
473 839
350 851
577 73
705 60
149 783
100 149
209 845
47 37
105 569
91 619
110 732
458 798
646 294
560 30
320 408
531 578
267 29
694 388
142 442
399 552
127 663
789 368
755 205
42 791
538 621
618 776
30 449
783 248
515 630
140 290
827 402
187 659
584 189
487 465
275 801
522 516
405 430
81 229
745 142
282 801
649 261
657 170
179 154
734 599
133 250
542 350
90 204
611 780
666 244
740 339
339 81
249 518
395 438
579 528
182 489
199 581
476 641
15 10
403 86
314 202
62 182
338 235
636 454
796 520
340 365
547 591
417 664
829 500
116 404
776 565
210 612
238 468
793 611
544 310
762 501
48 368
69 741
820 35
823 765
313 551
481 645
218 400
268 733
291 644
226 518
207 536
633 497
411 696
664 437
285 159
554 344
113 451
63 755
559 228
601 238
562 213
375 24
12 246
792 34
490 767
165 330
77 104
258 233
42 7
499 583
688 200
837 494
197 86
713 208
120 264
197 666
744 772
637 806
139 391
194 381
340 268
323 598
522 533
136 446
318 554
836 57
379 574
804 594
822 124
801 351
592 589
184 426
735 554
424 121
67 566
109 794
642 84
594 752
205 668
791 373
27 382
62 542
464 357
711 733
621 426
508 774
626 460
787 168
256 379
256 672
593 649
422 253
491 692
419 467
315 642
221 731
692 703
836 619
359 852
111 569
664 849
367 94
425 588
261 461
409 634
818 784
327 572
332 649
828 822
637 754
625 444
238 652
487 12
752 478
342 753
734 706
173 672
659 641
286 777
200 527
109 683
404 108
245 411
279 828
563 327
675 769
249 560
195 363
550 532
205 573
259 38
226 642
101 636
47 463
360 399
784 76
805 31
112 170
331 69
352 206
230 853
587 787
526 411
140 831
854 7
442 390
266 680
232 88
569 516
790 817
706 301
172 580
672 554
823 333
455 183
555 582
494 432
295 692
722 173
483 611
728 753
565 737
767 357
235 483
91 325
519 741
593 822
650 417
279 620
564 100
297 516
711 279
217 119
451 335
277 789
812 333
408 198
615 774
748 485
217 224
746 200
64 290
193 706
790 460
310 721
778 146
452 515
659 621
381 281
625 848
310 426
22 736
797 71
302 592
375 362
468 824
825 531
517 83
336 21
599 705
418 58
421 334
420 455
114 406
566 89
81 713
283 18
377 499
530 420
674 705
400 342
40 680
137 275
501 82
713 416
436 825
109 621
352 686
25 614
853 286
675 425
779 22
329 82
311 326
242 702
496 717
614 613
406 62
506 97
140 498
144 105
37 498
334 193
392 157
727 378
159 312
825 311
758 552
222 577
259 481
747 162
783 479
1 178
585 219
3 476
204 702
261 187
392 422
563 564
340 635
16 396
73 256
112 293
165 805
721 668
117 28
227 77
840 553
506 104
823 288
127 546
534 358
615 653
812 124
278 544
815 602
445 475
380 331
471 636
312 422
205 730
832 327
279 84
525 631
730 644
12 715
287 441
72 145
841 613
73 440
474 70
251 27
813 44
212 739
567 221
113 162
351 593
44 561
482 121
232 486
602 237
468 369
640 450
327 131
790 162
258 499
119 182
177 225
290 396
773 59
35 473
236 462
69 363
500 363
192 172
565 568
829 357
133 552
293 757
563 265
428 545
291 586
771 139
458 249
225 584
667 657
706 259
230 406
512 131
330 63
370 525
25 414
703 167
710 799
549 403
236 453
408 129
463 563
302 310
122 300
278 648
309 186
771 99
41 834
461 633
558 274
136 554
375 137
840 19
769 764
530 744
76 234
421 508
24 448
280 693
761 393
740 811
340 697
568 359
39 83
769 442
735 462
421 333
504 722
87 603
17 176
716 668
827 611
96 577
295 99
278 185
280 680
392 711
546 626
717 593
352 304
423 368
597 139
838 794
582 495
379 67
163 783
661 20
105 467
517 458
403 435
333 67
354 415
541 799
393 822
584 263
432 471
665 59
826 196
828 365
654 156
51 274
254 149
346 730
26 137
300 536
655 391
251 692
364 407
57 534
114 84
613 126
544 603
279 773
225 108
432 383
360 673
656 141
163 820
365 432
554 754
244 252
541 429
799 729
235 633
130 336
384 539
687 569
587 381
327 62
203 753
518 749
587 175
118 321
139 11
540 853
73 155
163 172
735 681
632 59
337 692
766 828
14 431
381 248
308 648
275 727
560 626
762 376
29 135
268 270
92 586
402 123
539 582
617 752
303 353
679 162
685 360
426 638
710 516
326 643
150 818
817 208
341 754
213 728
245 517
679 117
735 104
478 532
579 161
172 761
125 380
764 99
114 260
76 779
538 717
316 25
173 384
392 36
28 389
539 460
424 170
688 615
222 340
548 701
828 600
672 90
447 402
748 845
73 681
380 246
167 350
850 326
778 244
337 567
265 613
51 449
712 603
381 379
572 338
215 547
112 730
367 370
205 190
373 691
545 852
502 510
605 263
418 28
660 515
57 562
48 573
71 574
650 774
669 715
123 305
508 750
384 478
75 178
38 314
149 850
367 527
284 465
831 850
36 815
534 111
747 563
539 144
541 247
230 749
51 375
202 386
789 846
739 751
116 630
851 326
209 647
438 495
484 527
248 339
396 627
509 513
845 487
99 569
38 83
482 613
467 801
343 83
2 660
438 792
42 554
559 245
339 782
287 632
400 847
171 511
349 356
594 382
317 400
335 817
525 150
639 765
238 89
21 701
687 134
339 569
229 826
140 75
323 317
396 477
804 39
458 169
497 98
479 166
208 560
87 35
505 709
397 58
181 381
435 686
267 232
422 633
490 162
145 434
522 234
189 382
237 653
327 346
606 558
98 171
775 39
685 263
431 328
160 330
143 563
257 736
711 454
668 293
579 335
267 478
126 9
373 491
661 189
556 472
80 640
599 187
673 330
214 700
506 493
372 736
551 425
220 453
77 332
848 645
78 400
544 532
375 619
561 231
250 419
289 143
483 32
350 69
23 353
96 773
599 696
817 689
361 186
253 508
644 422
37 592
366 604
439 92
295 251
595 410
280 176
500 481
653 262
17 662
805 603
113 666
498 698
281 522
749 88
328 86
202 422
40 21
158 152
405 190
830 572
155 433
138 475
47 135
213 550
422 823
753 561
460 111
723 233
6 295
462 304
818 674
263 652
670 643
785 510
535 206
689 727
172 791
823 702
847 642
315 472
710 518
85 541
37 352
397 57
645 150
208 653
466 490
637 262
713 334
596 474
18 591
665 499
283 275
296 529
51 118
785 503
134 775
661 103
630 158
758 451
67 86
717 250
641 155
384 295
403 184
833 230
523 219
769 326
451 698
722 453
646 39
81 681
795 405
46 25
747 124
305 372
161 495
435 610
833 323
383 376
504 527
157 427
817 676
529 271
723 801
364 142
735 466
664 369
575 560
390 190
664 401
602 5
173 320
450 328
327 92
644 290
112 659
7 500
103 335
784 550
272 260
650 664
705 488
796 20
448 394
105 434
631 208
162 549
253 47
518 553
576 104
9 52
535 387
388 49
487 263
419 63
120 54
244 379
446 338
854 63
730 249
604 312
767 747
240 325
485 46
249 317
776 310
120 133
671 591
200 498
311 172
404 175
69 37
819 361
450 723
436 53
292 175
793 185
713 805
529 505
56 102
89 258
438 671
718 392
666 690
739 472
5 73
7 800
451 768
511 797
44 222
619 696
233 147
380 710
730 724
473 202
520 493
78 510
561 93
248 379
468 384
247 746
345 333
236 740
717 157
756 392
316 135
118 426
815 175
654 604
359 238
834 222
180 57
774 813
735 457
511 100
740 465
340 124
751 691
360 585
647 631
376 690
322 818
255 677
238 24
807 722
421 608
835 198
674 303
36 75
644 61
361 666
205 620
613 266
798 5
617 628
86 404
691 506
469 276
341 17
724 370
524 444
798 39
608 373
186 727
504 719
214 169
530 760
384 766
97 576
637 603
647 343
391 259
598 633
162 585
715 104
128 142
611 45
751 415
390 2
139 379
70 571
659 234
1 382
20 718
408 691
742 295
602 605
641 270
554 399
576 176
334 815
309 148
720 229
494 144
245 444
672 77
121 341
240 79
366 334
543 449
654 252
307 796
127 539
160 710
22 431
8 586
475 657
33 582
716 26
100 423
47 215
449 172
766 35
325 108
109 303
591 747
116 220
540 385
562 572
469 845
610 349
301 479
722 204
321 208
503 200
788 618
734 401
828 206
131 6
647 412
759 443
762 70
212 91
505 471
531 489
201 257
348 208
96 57
756 642
546 64
327 188
809 837
24 437
112 490
392 206
410 686
654 95
177 361
685 49
435 602
3 382
284 475
585 178
274 33
166 420
189 679
525 302
638 834
367 743
374 275
795 421
465 397
766 45
92 446
752 305
247 849
686 807
393 402
275 749
386 824
170 643
483 5
232 153
489 238
490 740
415 242
753 231
238 484
846 306
685 144
254 484
266 183
506 548
850 427
343 268
6 775
551 445
700 601
112 722
44 610
229 816
711 620
638 724
159 142
535 649
98 707
651 238
173 147
563 320
543 611
378 461
15 591
46 139
554 133
430 242
776 151
210 485
178 612
486 53
658 231
514 96
190 370
686 599
503 324
70 114
588 46
736 175
102 500
220 573
829 282
44 166
634 578
322 438
15 402
515 605
809 371
439 472
813 299
406 131
10 229
320 310
656 61
805 396
110 338
111 426
25 429
211 406
744 102
5 394
225 761
356 69
391 355
786 47
310 73
484 428
258 99
498 178
234 627
66 771
28 537
569 445
715 753
680 429
440 722
21 566
5 684
709 467
597 815
824 237
763 822
681 773
133 738
754 588
615 61
160 245
796 771
796 761
831 826
189 715
281 512
284 820
301 701
216 268
523 788
353 114
253 648
756 48
498 630
722 32
673 314
415 613
695 87
789 30
809 381
88 117
506 204
415 65
771 354
166 360
423 385
613 774
742 284
306 221
280 101
