1000 9875
929 245
772 581
459 322
805 386
5 178
309 204
746 626
722 599
228 412
912 991
964 552
325 764
186 1000
281 980
228 630
132 105
425 225
959 868
633 118
29 511
753 21
17 460
39 650
687 878
484 555
88 980
307 114
271 471
735 18
312 668
84 128
382 613
754 520
45 619
464 838
562 858
395 580
456 630
117 105
724 455
282 222
586 416
143 815
438 981
168 217
444 382
33 845
487 440
258 502
106 156
511 391
24 679
483 970
706 875
29 603
139 7
647 755
220 426
148 319
522 460
560 791
888 132
270 718
107 536
733 868
210 291
963 227
112 463
931 257
716 537
955 391
668 852
512 456
716 616
163 632
919 965
354 681
685 675
263 461
450 244
103 786
199 467
950 265
147 204
534 181
298 928
363 714
18 291
127 275
111 372
494 356
48 534
217 897
825 194
705 660
868 224
227 248
262 553
195 598
469 27
34 584
610 555
385 914
880 542
925 280
639 692
325 572
271 442
557 733
98 230
479 295
961 44
65 23
302 484
738 430
579 829
566 645
350 16
466 200
338 584
815 174
853 487
709 28
1 696
679 623
991 297
841 432
911 616
770 876
995 699
139 615
800 443
10 181
127 36
814 204
391 261
857 559
895 35
272 290
718 411
81 950
621 96
727 603
766 423
953 522
435 799
276 281
375 701
637 330
107 631
918 111
560 819
814 648
638 76
203 709
96 371
189 810
389 312
195 105
750 757
589 265
707 194
390 146
543 360
450 169
256 146
720 343
261 143
155 267
502 637
832 510
638 697
531 737
560 211
988 600
916 429
668 606
721 497
445 421
724 255
275 140
60 654
18 314
869 348
122 947
692 507
454 914
612 50
338 891
579 843
467 613
91 613
701 484
919 429
522 745
504 734
251 379
592 349
1000 530
408 996
995 104
243 975
834 310
485 950
126 708
1 875
952 821
95 203
923 116
733 899
821 605
625 372
697 615
148 861
299 847
728 75
505 470
947 235
274 515
294 582
305 927
219 753
899 413
434 360
851 584
154 664
954 503
93 73
130 245
774 682
443 102
391 661
858 843
417 519
328 166
662 31
439 146
942 255
67 707
943 546
962 684
871 828
609 501
883 210
756 76
560 223
945 403
846 117
613 342
595 823
445 676
172 156
232 335
102 680
379 416
837 221
91 20
705 357
132 562
794 579
615 734
411 621
871 627
12 644
475 866
773 311
423 194
405 595
797 465
191 102
450 60
15 404
886 755
323 455
566 257
860 742
555 16
299 350
428 890
894 797
286 707
238 801
277 927
865 662
441 626
264 149
671 419
428 920
892 405
957 239
799 796
750 237
568 434
914 226
699 717
481 399
838 333
692 354
813 722
738 81
460 751
136 653
601 479
361 578
895 133
921 416
121 194
84 946
984 320
983 742
291 248
75 529
908 121
491 993
755 556
862 752
97 426
766 364
513 408
469 986
384 340
113 904
172 467
10 434
430 702
626 658
612 961
149 77
138 478
49 233
766 78
91 338
646 894
765 174
488 166
822 95
73 588
536 372
864 833
618 464
157 244
949 840
280 289
446 242
785 875
894 716
419 694
797 437
138 786
30 284
968 643
101 972
920 864
930 393
471 619
169 969
254 90
484 763
626 395
520 356
259 728
467 541
657 957
22 617
479 450
400 394
800 67
905 847
178 875
667 277
868 434
283 492
191 687
1 851
810 503
615 584
815 122
361 941
987 993
236 475
364 288
774 961
888 602
923 173
283 266
428 72
809 198
495 559
118 834
266 587
432 351
361 719
337 905
842 134
166 724
499 345
945 151
401 913
898 7
941 227
482 648
304 232
15 874
111 733
617 696
283 886
966 713
43 418
336 680
903 56
372 286
449 975
452 214
972 541
475 31
703 671
997 958
655 728
840 119
513 618
972 620
59 717
445 970
464 155
483 393
543 375
581 704
145 800
685 674
137 404
742 1
837 999
566 175
825 999
399 60
937 765
976 149
201 709
725 518
462 596
502 641
588 258
890 566
454 951
924 179
742 654
726 3
696 82
146 15
777 352
136 9
190 860
854 536
710 422
658 5
77 506
164 462
865 591
44 868
999 956
325 861
535 318
987 249
921 638
351 905
282 128
71 510
740 604
80 851
762 147
801 133
847 747
679 844
371 465
516 158
581 334
833 787
412 801
876 382
425 798
853 538
714 496
37 621
644 539
223 953
988 102
129 479
662 227
583 405
997 752
301 825
103 365
965 338
521 587
958 741
836 193
414 123
698 174
789 85
258 543
613 305
37 189
906 915
944 34
319 186
638 988
72 509
742 878
836 487
547 876
34 937
362 618
794 954
612 334
974 365
890 872
997 180
581 565
983 481
369 310
473 360
266 824
462 944
467 774
29 19
271 562
894 919
610 746
313 320
995 316
597 464
924 864
156 154
676 336
964 609
470 510
492 354
80 356
433 660
604 655
952 216
950 935
95 20
846 756
904 91
135 934
657 901
142 255
364 59
503 384
820 326
479 867
705 2
464 880
456 544
933 50
37 205
994 32
839 840
629 276
904 608
518 807
597 886
232 982
191 965
340 257
2 150
595 269
244 165
351 643
45 852
174 136
179 562
20 630
477 297
217 891
681 741
884 996
279 580
301 140
598 866
515 362
720 744
883 292
301 797
825 611
920 329
439 947
867 940
82 396
210 345
671 228
452 302
517 654
441 219
833 809
390 236
489 295
197 766
626 928
608 187
259 803
759 604
262 938
138 236
216 708
362 590
237 850
879 103
293 576
647 285
742 997
128 313
869 494
171 966
233 580
695 678
385 831
913 477
942 209
647 592
933 897
449 29
964 724
878 374
62 323
246 492
913 423
821 926
94 176
339 683
714 997
12 331
536 657
45 517
890 34
468 124
311 454
791 984
487 1
254 276
496 732
266 596
672 202
206 458
156 91
144 407
881 33
394 518
59 228
227 826
374 959
620 835
241 870
628 342
663 337
25 37
188 951
989 259
242 648
760 53
922 332
580 352
737 258
823 924
205 485
119 611
600 717
91 450
897 139
936 719
647 815
391 673
459 503
646 921
794 932
9 292
764 858
674 78
606 539
916 503
590 202
406 845
647 257
337 864
1000 32
159 699
167 156
781 864
854 446
531 905
373 552
190 982
835 287
159 985
675 118
276 731
423 596
515 760
563 393
212 729
288 185
108 346
734 674
221 533
256 647
424 297
812 900
246 456
119 603
565 332
108 489
374 394
632 999
446 617
273 213
165 975
297 223
672 509
265 953
875 294
221 424
188 23
961 785
122 287
29 222
360 415
970 65
2 175
865 381
426 995
547 473
951 363
295 711
352 391
409 64
981 344
208 254
72 774
89 1000
399 677
789 493
202 649
482 649
67 525
667 295
913 577
935 900
21 196
731 769
921 78
708 258
641 351
775 221
771 972
517 624
573 616
335 917
945 961
974 116
595 769
577 798
121 650
289 982
287 679
958 552
741 440
389 339
986 305
436 786
919 967
719 593
759 516
528 737
564 534
431 518
95 652
498 198
601 527
764 237
753 324
807 99
440 51
367 160
134 459
686 868
263 749
696 996
455 133
536 781
21 971
631 236
7 744
108 303
513 611
860 862
810 39
482 404
763 13
809 707
330 832
60 441
598 185
456 950
662 602
496 439
867 136
305 663
783 398
117 474
635 903
728 113
639 357
821 744
787 568
122 307
832 929
456 739
355 589
837 211
549 175
633 22
952 491
887 921
657 262
589 707
899 676
315 390
961 648
107 728
897 928
914 894
808 800
429 259
159 174
785 747
384 140
99 809
924 785
508 371
769 31
54 3
424 553
120 379
393 803
391 856
584 10
474 446
534 648
703 771
746 354
358 612
677 932
327 751
898 735
3 993
833 622
176 411
531 739
453 961
593 110
186 588
578 730
673 182
162 492
364 647
369 31
318 208
624 531
381 699
418 440
609 885
83 822
427 456
270 935
667 138
660 650
592 192
866 419
39 767
186 955
411 124
543 831
431 113
14 11
680 547
369 970
316 823
136 437
725 93
93 387
297 134
460 630
356 679
782 959
685 232
865 475
439 296
386 980
4 283
362 311
821 716
934 933
813 684
154 475
167 410
692 607
202 495
314 677
864 80
738 284
261 779
106 210
822 676
733 23
681 740
332 656
573 462
923 547
173 64
671 961
656 422
465 507
48 173
756 223
496 893
408 239
957 158
46 673
395 475
685 950
659 743
275 750
461 39
889 724
673 903
693 460
730 610
34 91
864 790
7 876
601 677
194 789
431 608
323 171
253 310
471 355
326 418
220 394
617 179
321 414
453 933
384 724
683 456
422 444
886 753
426 51
856 900
982 196
927 717
403 481
761 777
485 613
397 707
289 474
678 860
442 988
82 606
237 783
457 281
732 462
799 905
692 255
913 254
584 227
390 885
627 842
624 876
930 841
443 728
80 766
245 220
800 263
930 918
532 838
203 703
224 489
757 817
852 219
32 992
680 972
933 422
956 9
481 111
779 512
121 192
167 529
54 188
749 574
364 476
153 253
80 939
615 917
782 548
612 895
934 675
205 561
408 301
372 102
46 483
955 33
701 541
335 771
950 228
936 914
21 16
333 222
794 272
997 823
328 688
720 612
37 774
779 93
21 371
404 494
829 800
665 263
993 658
405 516
308 241
474 25
649 283
818 953
364 696
403 396
962 229
416 612
640 353
949 409
18 333
26 832
118 506
471 986
455 49
406 543
407 306
728 457
764 287
70 648
531 102
606 494
576 525
574 8
856 301
69 576
327 136
574 155
278 436
886 153
212 440
821 34
948 500
878 621
40 233
517 377
478 159
795 75
689 716
122 429
965 663
770 903
827 602
476 356
205 866
575 568
922 890
960 57
945 427
141 166
572 142
844 619
297 504
249 952
752 593
595 291
603 800
875 71
858 982
434 771
292 165
330 368
149 753
510 890
514 162
3 443
166 805
286 302
185 601
438 101
981 478
268 227
432 14
381 101
156 188
150 408
944 425
727 406
90 969
327 996
328 990
58 43
98 824
195 142
909 758
56 968
682 644
898 585
269 721
404 386
561 617
100 305
449 751
237 904
517 598
668 710
775 290
937 401
466 726
731 110
436 898
475 684
596 928
461 465
264 787
218 334
18 286
113 996
42 424
78 618
778 356
263 748
747 905
52 65
146 506
311 980
89 827
463 649
484 660
948 59
456 18
442 916
624 726
363 378
329 574
471 879
75 14
575 373
541 293
555 388
378 85
933 139
827 664
990 948
957 21
649 860
300 760
991 570
804 696
52 645
292 404
420 161
402 468
421 328
923 26
273 321
994 787
520 862
739 338
5 922
83 470
447 857
429 190
657 475
515 965
202 456
790 217
39 765
97 246
480 250
226 466
465 618
196 750
378 521
453 217
651 402
616 837
582 174
417 632
14 906
736 282
900 943
261 679
577 558
837 500
344 695
55 91
662 225
216 210
7 36
708 359
67 377
196 19
331 236
54 913
72 12
555 732
278 617
470 961
785 891
915 564
801 489
811 903
171 356
355 515
347 780
471 489
937 829
521 574
868 835
929 695
172 985
9 651
454 759
932 803
21 524
760 554
544 599
488 301
360 263
380 267
164 808
105 548
324 962
38 208
665 906
152 627
485 721
324 849
97 741
725 491
394 867
325 541
888 839
265 534
865 617
517 288
938 759
84 187
602 696
364 219
168 118
942 75
631 823
227 725
504 814
502 329
895 226
821 715
611 827
758 190
467 19
729 420
801 887
876 205
254 329
308 801
754 817
531 379
277 286
951 514
996 873
45 600
140 953
343 642
415 241
20 743
702 991
629 165
889 776
29 623
376 181
12 323
140 776
76 654
774 459
866 552
139 64
61 752
245 785
440 705
441 360
205 511
152 245
996 478
255 649
101 190
103 480
609 379
383 880
223 751
918 581
522 274
673 902
285 472
972 694
129 884
85 635
897 335
916 477
901 271
833 585
674 155
379 131
988 575
424 898
167 250
413 342
591 883
388 116
212 592
269 439
553 628
705 849
812 531
117 870
191 470
325 608
754 318
385 991
904 121
407 158
190 794
468 920
914 78
623 544
39 627
118 40
709 923
105 947
749 394
832 115
1 884
74 386
890 32
374 497
620 505
527 863
587 192
511 56
978 575
830 932
361 583
197 489
779 515
942 461
636 738
258 494
187 444
689 786
942 60
50 844
123 782
906 122
408 302
228 663
19 887
508 615
898 209
98 563
465 348
85 987
692 263
695 34
577 903
542 915
529 548
52 102
676 861
224 152
257 505
632 113
499 186
923 812
733 981
506 866
861 14
453 725
254 515
243 302
906 56
467 994
928 368
307 525
751 78
494 221
665 695
744 152
691 947
622 217
94 598
868 121
878 54
466 522
369 38
765 584
269 475
164 759
136 776
679 144
203 91
60 544
811 280
248 832
708 672
105 653
970 395
769 812
502 100
486 601
855 544
839 95
967 42
829 453
891 884
394 906
507 527
164 292
300 676
17 206
770 900
75 976
459 976
705 377
11 552
969 316
400 97
438 937
3 156
79 937
908 137
788 983
970 990
843 420
519 545
866 799
156 80
175 619
947 450
253 855
733 45
2 975
504 435
893 679
125 285
367 411
295 551
797 929
48 224
823 66
233 164
200 59
842 502
902 520
78 60
285 559
694 218
346 380
96 363
297 964
543 483
395 371
703 745
462 697
251 678
693 259
210 383
971 673
842 827
312 290
252 180
688 141
157 70
158 289
272 932
845 473
13 647
195 316
233 625
464 331
997 383
212 537
158 451
591 811
445 173
229 598
15 239
511 700
666 885
740 422
321 16
449 219
460 589
146 157
511 781
919 506
995 112
882 572
431 204
951 901
607 39
402 710
381 188
981 158
522 279
913 86
217 321
662 715
644 962
460 675
562 375
339 978
7 221
767 306
744 549
535 424
519 871
773 627
188 53
689 632
301 370
340 488
306 136
753 625
501 82
487 472
272 151
71 537
383 283
841 551
741 949
44 427
776 347
458 672
790 56
349 264
653 336
852 174
324 218
757 300
270 831
425 854
721 747
8 874
940 915
815 863
135 435
817 216
285 322
750 526
918 958
133 670
885 569
157 264
983 156
694 81
253 447
168 787
582 762
197 680
760 700
890 887
564 500
211 850
547 766
569 410
646 246
759 667
318 71
375 146
880 460
198 745
274 153
763 635
702 297
53 267
371 693
61 784
482 455
673 406
377 816
9 830
110 872
47 210
657 890
933 221
203 496
938 869
208 586
377 453
342 517
849 881
978 969
631 897
303 922
14 299
222 206
120 656
394 322
204 764
867 388
740 926
451 633
639 232
549 240
849 862
158 624
658 552
201 211
205 523
547 352
585 181
306 398
126 23
954 354
37 526
77 465
314 901
851 214
907 152
871 171
818 309
470 512
822 341
811 708
6 870
340 960
966 532
471 174
163 841
366 832
497 567
833 957
831 414
916 91
506 847
636 32
104 894
159 418
794 591
778 72
651 970
11 363
507 472
733 586
223 396
121 930
445 84
106 198
958 192
315 846
411 655
603 147
876 486
808 809
401 373
125 704
117 939
635 802
985 343
515 200
289 472
345 699
97 663
243 657
708 589
877 50
715 219
181 715
38 76
959 988
692 249
804 531
587 485
424 479
374 71
411 203
13 147
878 599
348 550
293 227
5 575
875 319
841 483
770 929
457 490
719 454
761 308
553 64
899 108
719 375
390 609
691 206
268 5
966 436
858 681
511 840
654 625
338 80
448 560
233 318
620 958
987 581
408 251
828 275
504 263
811 533
932 337
478 799
48 828
91 342
291 312
96 320
392 577
318 338
627 38
918 721
595 580
855 14
622 367
661 305
403 33
902 197
651 839
964 390
877 867
414 995
893 940
811 125
705 530
501 639
63 472
47 967
697 118
290 548
517 163
497 488
522 827
299 702
268 903
195 609
568 133
180 203
753 191
661 644
847 861
195 526
554 782
723 720
960 750
193 241
698 87
397 455
145 118
109 829
290 889
455 337
97 925
210 618
812 790
799 764
247 979
148 116
363 190
899 170
957 96
155 170
770 901
681 102
559 13
304 575
144 200
399 896
974 524
44 561
944 623
455 917
222 928
758 790
923 463
942 89
288 838
733 44
420 323
719 105
867 698
941 223
724 785
878 977
658 643
954 282
941 112
580 304
507 280
785 524
625 973
188 709
944 427
11 68
691 118
324 389
238 327
148 171
918 915
2 20
267 815
719 685
134 29
36 897
358 639
986 316
346 159
367 775
623 54
288 600
275 6
388 815
579 52
670 157
824 301
996 43
138 901
910 351
983 319
526 879
746 496
899 603
574 91
242 416
669 893
122 890
375 348
820 511
344 432
36 558
91 653
425 81
192 868
799 835
584 794
14 477
507 957
970 319
256 789
170 679
815 181
530 71
373 150
297 312
409 406
709 300
247 548
654 156
583 206
880 159
10 671
49 280
483 135
581 316
575 779
798 818
67 972
253 905
183 994
700 200
797 866
339 160
783 847
328 143
382 70
438 212
611 588
280 818
119 913
968 383
130 838
319 448
46 648
709 200
475 206
713 893
591 180
124 751
72 402
200 167
79 3
665 419
423 503
82 311
779 103
820 633
862 776
6 52
10 59
194 780
176 271
33 394
768 67
532 835
423 982
203 550
20 240
494 43
422 260
224 539
171 4
525 857
674 117
53 104
593 99
920 813
80 58
337 685
85 327
548 797
553 909
274 150
226 767
604 351
104 223
602 66
431 284
986 165
494 500
320 407
448 529
69 740
714 747
694 525
408 373
994 363
59 555
525 310
891 846
585 751
857 82
126 713
588 998
771 286
40 529
648 467
227 326
834 418
265 613
861 923
899 191
607 171
791 944
994 60
260 936
869 876
449 232
892 707
205 808
757 203
683 728
597 882
31 892
69 201
792 517
810 749
385 998
529 131
1 298
845 745
202 381
535 173
335 187
432 490
489 239
128 979
1 347
756 171
724 841
928 906
102 109
619 405
76 648
480 341
135 1
147 644
659 891
107 598
419 466
992 496
59 811
742 44
615 310
254 793
214 629
823 805
348 459
96 276
744 384
46 902
913 234
270 570
751 199
684 252
436 543
856 873
530 662
569 324
971 616
59 614
57 250
977 953
74 607
253 479
276 707
541 201
688 515
304 968
381 419
360 980
530 991
291 722
660 681
93 384
591 915
890 332
49 868
798 603
844 269
249 223
423 658
687 961
230 948
424 111
227 354
445 231
800 282
268 288
768 973
934 885
465 918
447 483
993 408
478 448
335 121
598 561
163 296
308 775
183 949
563 423
46 486
339 344
33 901
720 825
955 34
629 135
371 171
376 576
578 521
2 779
625 661
812 248
667 519
279 725
429 328
582 406
909 638
702 731
519 387
741 319
889 516
176 233
897 280
309 387
522 308
559 883
489 263
733 572
256 160
721 60
591 386
228 164
854 720
711 697
215 942
879 135
807 234
123 573
251 515
930 275
295 938
863 659
170 140
1 611
468 617
915 42
863 288
773 200
811 397
815 709
365 664
319 690
930 501
645 14
169 861
406 530
389 273
301 747
114 707
649 212
887 476
672 19
485 888
971 33
536 578
956 859
649 805
411 214
748 149
986 558
166 412
792 795
134 304
197 314
291 957
329 242
737 733
420 31
719 421
79 826
897 681
321 630
766 576
738 225
421 691
667 167
567 902
658 990
738 336
386 189
10 625
562 2
913 692
272 316
244 8
581 119
585 76
192 353
262 298
618 140
750 897
399 583
76 720
774 401
812 220
940 937
910 881
437 161
702 759
390 25
358 749
771 750
793 298
501 911
465 233
284 683
635 791
160 633
124 426
4 570
726 459
907 367
546 37
364 520
772 551
510 794
902 166
427 194
526 594
402 645
403 286
177 872
736 312
60 599
759 471
617 426
944 368
341 106
644 287
4 126
146 43
606 457
616 538
398 829
537 887
240 81
294 115
11 942
249 687
144 937
863 216
938 673
402 154
842 81
714 136
53 794
224 404
520 833
60 10
176 535
520 798
178 509
988 430
218 970
296 880
650 867
288 756
971 125
376 45
943 935
927 482
470 651
605 196
383 746
629 206
685 172
387 633
561 358
489 131
197 850
642 225
264 789
404 156
944 505
9 427
164 608
90 569
738 713
152 156
906 781
506 809
604 406
876 831
381 247
555 622
49 909
332 989
102 913
410 719
565 697
341 711
159 456
892 441
862 777
21 311
445 523
210 400
229 180
822 139
810 155
789 818
205 509
851 745
502 631
470 17
697 211
76 184
39 4
483 134
449 490
855 166
904 354
902 797
541 115
542 308
670 265
138 934
506 348
363 573
345 218
95 898
223 217
190 914
15 205
273 998
181 757
536 924
791 636
539 463
207 629
652 806
781 293
29 417
303 70
825 450
277 871
313 662
713 477
52 757
880 478
576 999
649 893
476 440
313 880
98 486
316 17
658 141
754 733
460 848
102 433
266 466
377 150
843 139
202 491
335 21
943 970
65 340
791 262
79 16
600 297
395 241
840 846
153 7
651 256
796 771
270 878
445 363
665 156
421 830
633 272
295 93
871 826
513 336
306 750
720 636
168 723
465 23
871 907
604 6
253 464
626 586
670 59
310 153
93 519
404 470
8 919
327 753
655 543
224 585
996 319
172 809
502 544
817 420
211 949
686 635
259 951
225 849
617 183
391 606
102 578
643 989
207 954
635 951
7 526
66 454
734 937
716 396
742 760
69 822
496 134
481 566
578 476
999 652
321 45
472 572
930 577
715 221
113 131
374 42
697 683
810 138
705 112
748 496
924 406
69 505
291 563
865 394
791 870
795 99
378 385
364 314
292 431
810 428
169 316
885 449
528 757
856 226
729 276
453 124
36 980
148 750
990 173
663 25
589 847
378 733
179 996
40 446
370 669
260 675
762 327
231 904
887 991
934 679
22 493
334 435
923 402
581 146
582 245
486 222
846 270
519 732
611 647
872 901
692 735
817 4
157 571
943 716
486 169
162 339
609 442
21 28
189 906
105 422
84 636
197 955
589 489
36 511
771 612
498 362
617 992
615 341
466 972
567 406
453 722
935 338
928 740
67 80
162 164
698 466
845 161
721 979
133 869
63 228
765 394
747 643
402 774
320 643
356 193
619 498
565 915
293 752
665 549
264 970
838 852
697 116
330 631
864 643
792 416
320 417
230 106
98 815
179 358
215 636
420 580
355 105
783 147
40 975
147 885
614 969
596 588
725 416
247 828
654 100
753 927
971 32
365 167
204 977
743 572
361 774
252 965
398 977
577 26
260 978
944 771
467 238
784 732
549 84
329 241
962 869
192 87
232 900
253 626
236 352
883 679
350 238
481 143
210 839
836 535
491 818
954 454
439 50
903 387
874 369
514 848
387 540
172 286
528 14
893 676
107 755
60 504
555 871
135 59
229 300
101 686
100 926
306 551
36 396
25 181
889 950
928 802
984 926
146 931
521 693
719 830
228 891
229 14
730 741
859 907
271 862
128 472
114 209
119 352
806 624
717 11
169 525
521 480
647 352
794 820
337 839
964 484
379 76
852 645
963 804
161 354
489 941
174 748
657 514
820 74
514 909
592 217
636 242
838 594
269 333
770 722
109 142
492 26
222 439
424 266
577 196
722 999
134 889
502 71
196 790
179 96
229 560
606 345
623 613
221 741
773 862
282 795
672 431
416 749
518 930
151 79
338 466
896 898
588 674
627 145
847 375
891 627
1 595
681 465
274 937
741 801
3 885
814 215
222 898
560 637
98 660
541 790
28 719
15 807
417 636
629 205
956 275
919 228
923 602
853 917
233 244
451 333
595 194
689 57
268 652
92 216
257 437
243 92
817 221
894 477
346 351
402 541
111 989
426 407
963 196
767 302
696 585
497 874
64 839
964 314
608 263
290 281
627 480
575 904
994 805
264 676
700 501
671 445
686 645
824 348
453 972
937 707
424 938
744 211
181 24
195 285
271 80
221 773
259 632
665 541
759 261
617 500
138 935
285 820
950 526
458 472
496 155
60 628
687 713
264 17
707 263
181 67
123 476
804 875
741 112
39 762
189 201
284 227
217 128
200 978
844 491
576 585
297 120
49 975
363 235
628 789
863 174
131 225
207 394
691 473
417 988
658 242
182 732
804 145
159 689
22 885
683 589
614 755
257 932
576 134
870 984
136 615
121 47
555 244
50 213
550 654
187 404
465 586
616 790
213 744
71 766
426 823
332 653
993 205
867 756
102 99
729 763
515 336
241 717
847 143
357 191
488 802
287 836
715 777
756 75
404 96
498 327
375 527
55 607
723 170
231 937
885 538
814 542
472 709
111 102
962 504
598 717
864 922
646 70
704 994
230 67
765 711
532 152
256 403
223 175
818 860
269 435
787 74
716 28
181 609
351 11
389 874
504 446
397 335
327 18
679 377
539 426
78 832
70 816
287 999
511 966
772 60
166 231
647 876
276 721
464 963
451 939
910 166
731 903
37 26
330 20
539 200
499 951
482 187
190 955
435 371
643 182
754 623
27 909
508 814
73 223
326 251
737 800
610 46
578 501
687 150
688 726
970 934
84 605
439 775
41 906
652 158
230 502
213 549
730 956
758 952
727 683
106 51
917 383
439 207
119 859
10 445
673 747
395 109
159 220
733 231
62 641
422 902
392 757
194 545
713 331
975 89
262 110
306 866
309 385
882 453
864 856
759 905
850 871
300 324
907 500
163 422
111 122
375 607
544 949
798 110
860 419
947 545
124 102
90 50
294 136
223 370
388 197
264 971
63 453
801 36
215 654
551 112
437 688
720 52
792 417
9 921
856 532
437 545
431 71
329 517
95 106
562 621
620 315
444 800
553 374
767 623
706 268
355 326
853 459
840 998
988 840
913 110
939 587
256 955
154 378
433 257
141 80
549 83
397 166
809 190
258 172
260 610
346 242
28 454
812 30
412 933
529 459
859 989
862 437
629 470
481 142
83 430
853 670
892 884
876 273
790 161
780 79
28 740
78 443
515 138
475 473
112 573
944 320
294 407
72 155
434 542
128 925
480 416
724 899
798 398
802 981
569 966
966 704
254 246
515 424
638 88
180 592
755 988
732 290
354 863
816 104
600 687
655 545
643 137
608 138
719 686
150 767
447 43
686 626
270 496
309 22
132 497
87 958
703 890
320 881
200 507
506 578
355 857
782 510
601 745
61 663
797 3
670 275
468 655
105 563
927 640
517 132
591 823
192 601
708 625
69 781
431 490
469 35
80 270
411 918
995 740
864 601
213 159
715 117
916 836
482 240
598 290
912 511
507 559
255 389
348 745
403 984
443 775
944 800
984 481
594 280
700 485
774 932
577 406
282 58
619 255
770 791
678 436
2 141
311 181
944 526
103 55
545 405
760 294
301 16
641 659
74 993
887 772
34 508
822 333
816 310
390 473
854 850
270 771
354 410
914 907
497 527
444 862
104 759
501 601
341 758
551 615
225 244
209 44
651 85
52 494
15 666
644 687
775 236
299 63
580 68
48 381
655 938
437 421
792 76
800 837
171 121
228 126
753 393
54 470
685 528
417 541
643 880
436 18
330 573
517 855
265 430
194 393
602 65
964 616
489 904
643 641
635 139
462 853
800 932
138 567
913 379
95 29
811 356
425 33
798 610
456 841
667 293
501 199
433 623
14 444
531 274
400 368
771 259
122 127
170 430
692 66
41 243
938 643
995 846
726 738
966 767
773 595
758 179
796 916
410 75
605 260
40 452
885 52
978 374
620 199
966 479
453 184
917 745
79 18
914 717
612 838
352 52
297 725
176 994
451 296
841 912
651 147
578 828
410 527
305 339
327 794
932 648
771 522
154 520
138 437
289 692
250 945
34 226
516 990
955 342
370 138
289 532
928 730
637 72
769 494
788 446
648 713
78 282
116 969
389 405
872 359
640 125
487 866
204 404
116 632
299 424
797 425
216 634
49 194
911 161
81 170
366 384
380 100
42 474
133 33
650 157
142 785
414 538
497 448
122 991
808 700
91 552
365 201
631 210
230 841
285 742
251 206
551 429
40 981
402 228
880 143
649 189
725 394
946 489
326 335
88 73
939 548
689 481
307 489
705 231
946 203
307 319
400 235
18 694
184 562
802 192
848 745
723 903
732 591
606 48
112 308
224 350
169 392
64 439
43 329
509 435
201 98
443 45
425 618
107 209
272 211
150 148
943 601
841 35
272 354
112 609
627 80
281 212
582 378
812 251
81 775
44 141
103 434
231 761
968 9
538 871
443 489
135 503
708 459
926 390
106 357
841 750
720 489
21 508
993 673
814 571
543 411
152 511
859 990
567 257
368 979
918 725
217 463
885 878
363 840
129 964
738 897
971 623
588 759
585 897
590 380
132 316
760 615
63 452
66 40
731 294
678 739
700 815
410 126
954 523
77 744
705 647
463 691
890 397
928 162
241 677
217 989
389 36
193 68
907 768
813 810
852 944
728 382
302 465
625 603
278 4
56 315
442 732
259 510
248 547
344 246
74 419
682 290
645 446
375 186
874 714
729 197
306 14
808 212
706 559
839 777
326 228
273 488
771 121
66 489
225 23
500 159
374 752
140 24
272 160
606 959
689 817
305 40
801 931
253 850
948 822
182 342
844 839
331 796
520 899
260 446
304 224
215 410
123 159
179 736
92 71
990 598
385 97
98 976
727 575
106 423
27 693
573 609
297 958
375 43
181 819
713 358
241 613
405 832
729 972
500 625
391 642
807 314
241 327
439 662
522 166
190 264
872 447
292 390
743 59
786 475
981 756
583 608
381 532
440 58
819 731
904 329
868 26
562 861
183 101
362 48
69 891
841 55
401 305
852 758
178 549
575 393
948 1
217 57
97 723
351 66
318 980
407 364
49 848
855 594
807 719
866 265
443 632
606 351
476 544
517 310
188 492
335 367
526 60
782 938
550 390
596 320
135 708
49 778
411 292
785 23
488 900
991 673
387 463
875 136
359 59
490 422
774 820
408 589
712 571
947 436
316 839
126 365
185 669
292 199
352 442
672 621
749 913
383 663
511 418
294 988
685 169
466 225
710 772
641 259
491 574
332 762
962 692
233 139
15 967
508 283
284 936
650 674
119 691
855 383
327 966
882 443
183 418
573 758
902 468
336 283
68 994
967 758
586 611
842 713
543 339
690 901
197 659
739 764
185 789
621 512
342 483
377 908
868 574
531 857
188 664
868 62
65 831
123 97
368 328
477 554
181 754
865 641
484 517
198 287
745 144
246 11
446 601
17 111
550 83
2 477
443 693
844 665
361 988
586 271
725 207
495 649
730 663
145 496
856 9
965 873
112 265
232 990
16 463
234 496
608 553
936 240
22 85
336 812
153 234
26 24
805 103
36 145
519 612
249 706
585 184
253 794
59 65
975 471
938 664
323 852
842 440
384 240
923 681
854 895
50 535
767 998
534 333
460 761
278 527
263 217
162 44
811 985
6 133
358 680
713 399
200 342
921 480
356 89
836 451
964 271
755 181
613 63
372 739
985 696
927 549
566 367
236 431
517 825
403 121
298 97
1000 91
766 626
440 242
263 818
857 359
783 11
694 626
734 575
940 638
411 928
194 464
645 167
526 218
88 962
851 663
252 589
645 200
244 717
152 883
105 949
386 768
539 202
83 694
657 123
95 423
608 582
274 604
597 786
283 726
897 598
292 136
595 305
173 251
875 993
892 961
951 396
426 809
693 885
766 405
287 4
384 301
480 390
580 473
858 679
840 358
842 476
129 31
901 937
466 824
166 678
620 601
254 811
127 571
426 474
558 355
643 860
176 237
346 277
368 837
485 206
362 539
436 774
849 27
354 667
389 392
671 486
731 27
460 19
372 711
500 750
879 240
864 535
497 18
631 403
526 997
87 477
792 419
208 858
982 106
671 75
900 201
248 838
926 792
549 750
911 971
291 754
576 516
557 959
436 408
494 658
777 380
532 754
350 461
445 327
329 246
183 759
130 481
793 551
294 564
100 138
581 448
74 130
865 373
904 599
616 705
232 790
818 5
927 357
241 984
867 592
340 688
931 975
857 556
3 416
277 193
775 710
745 489
374 915
340 551
568 770
397 409
241 826
42 829
594 254
928 950
176 939
345 868
626 687
988 10
901 909
738 545
466 796
31 372
475 22
920 137
290 238
903 64
858 477
15 640
290 385
594 435
130 529
154 752
780 540
568 475
270 502
328 675
253 31
683 363
646 125
24 446
99 608
871 881
600 975
932 686
56 813
953 33
994 911
167 43
959 95
907 752
238 132
114 430
406 976
632 591
961 367
946 765
147 948
789 621
739 782
194 489
401 193
661 675
441 576
173 861
229 673
360 528
566 736
150 536
38 393
645 255
888 818
448 403
505 230
624 860
587 416
438 754
866 249
278 363
834 347
20 505
568 371
397 119
74 452
239 770
274 642
630 241
317 800
100 688
230 707
875 250
292 482
130 453
224 424
615 756
301 364
249 971
247 720
657 476
40 490
867 511
942 15
417 980
801 989
399 784
190 617
367 167
24 542
685 279
797 893
173 195
999 123
713 86
399 342
749 912
36 205
706 837
581 87
969 141
591 2
538 954
245 578
999 345
606 581
384 132
422 972
582 654
44 86
103 501
585 334
897 90
871 280
845 772
10 85
34 79
492 663
185 201
45 461
752 995
15 277
343 168
642 545
836 670
60 930
539 47
159 746
73 877
437 432
498 226
137 8
781 847
998 735
719 356
825 123
648 924
364 545
92 702
958 882
682 167
460 313
70 696
933 886
402 254
886 698
550 193
843 501
865 753
888 846
230 909
467 333
433 621
342 543
291 539
697 764
739 409
425 961
634 161
373 955
526 25
585 611
865 467
519 816
636 614
622 561
933 394
348 894
934 989
294 636
944 605
982 969
40 454
452 213
511 309
219 632
865 46
331 659
188 821
483 959
586 192
974 875
667 897
824 848
567 232
36 368
774 450
779 539
462 430
447 318
859 726
441 369
629 744
150 603
281 280
293 789
96 297
8 923
441 663
501 978
337 81
586 644
293 998
440 294
42 678
78 280
391 709
933 726
500 775
466 44
650 8
155 634
351 475
91 780
411 645
527 371
513 641
105 374
695 697
60 613
144 663
99 473
592 21
725 295
283 252
194 556
811 672
381 829
539 431
242 485
450 758
382 741
75 207
293 28
111 721
354 26
212 428
952 987
679 600
901 159
691 54
104 326
755 664
978 566
182 736
733 288
732 166
439 437
206 416
338 296
980 143
504 192
250 428
861 454
933 319
849 700
866 882
939 994
762 323
230 501
914 668
633 214
210 897
681 712
23 521
713 255
487 764
556 337
309 748
534 511
168 548
940 962
265 675
854 920
286 212
141 719
399 415
149 196
764 909
173 542
489 377
731 528
223 712
871 617
759 849
121 870
396 882
897 307
538 519
423 11
924 620
82 651
726 416
410 946
506 591
821 404
659 489
787 284
276 435
596 916
812 313
669 192
731 395
705 532
725 729
677 582
470 460
296 236
610 683
973 654
820 908
217 35
18 212
521 59
464 644
839 455
507 806
900 437
812 893
356 513
347 846
782 972
773 870
502 238
657 213
37 59
653 865
583 224
251 727
205 794
757 797
499 517
540 309
142 618
321 585
288 638
697 790
718 744
990 141
813 748
610 182
91 435
802 671
585 789
880 855
853 524
586 137
35 133
418 775
20 567
917 303
495 791
757 416
137 885
980 385
180 829
537 500
385 103
336 531
197 778
453 400
736 84
702 519
21 60
684 246
245 542
220 300
560 145
776 942
797 732
615 373
195 118
968 182
989 512
613 148
381 473
198 986
608 380
863 988
522 164
6 477
716 251
419 740
489 631
626 880
254 689
699 516
313 193
163 343
759 652
744 251
356 225
216 564
91 884
38 861
705 752
669 85
564 317
782 364
731 260
235 15
592 78
4 980
173 971
635 224
63 331
873 571
255 192
790 826
556 568
616 211
299 545
475 854
907 814
485 822
969 901
880 344
290 804
709 971
247 796
602 317
682 373
773 858
387 19
120 524
579 519
193 320
31 608
622 683
183 677
194 390
900 339
18 459
710 190
322 663
841 445
135 991
509 392
650 876
23 226
623 159
335 60
980 199
529 153
510 50
485 508
870 786
820 365
489 245
75 672
405 31
172 510
286 370
591 625
239 310
774 921
769 229
608 75
883 195
663 513
392 688
229 477
631 351
822 98
271 664
533 245
238 357
522 358
343 58
642 911
121 376
6 46
11 324
61 728
379 270
536 37
534 624
529 801
582 780
604 972
973 129
63 393
835 160
772 728
294 215
819 734
460 171
833 391
743 956
781 735
161 258
643 642
593 263
795 975
99 458
373 759
697 464
319 753
602 511
436 307
809 831
265 653
407 632
899 970
938 876
189 54
999 581
340 198
35 688
170 645
688 970
672 463
781 355
486 747
822 881
804 708
821 674
880 34
663 131
60 180
102 475
467 170
142 406
643 239
516 359
679 661
260 549
728 965
502 496
259 279
576 9
260 692
453 165
610 360
704 237
89 815
608 777
1 349
650 610
932 371
92 9
664 954
956 418
742 87
634 580
854 893
746 26
379 607
436 526
295 373
298 555
262 134
889 626
253 491
716 965
368 859
148 105
668 864
245 839
889 954
428 440
671 268
432 955
474 10
593 48
849 78
228 957
51 572
878 179
533 348
493 111
6 308
65 872
651 673
502 711
289 352
55 793
403 488
425 352
854 27
549 779
507 172
277 685
535 948
752 137
683 225
761 641
887 65
389 854
545 128
804 907
217 119
435 40
754 310
863 488
331 203
132 8
423 571
579 929
820 445
390 18
758 321
298 419
356 765
326 477
93 510
222 2
848 605
351 954
923 45
800 272
166 366
165 930
581 490
728 50
571 588
496 726
758 146
357 539
213 551
714 92
491 845
207 57
801 900
28 969
456 435
165 533
149 880
443 159
392 923
690 436
598 789
811 648
519 731
595 17
500 971
176 897
374 804
381 88
444 658
671 61
719 120
46 565
381 186
239 76
210 450
546 168
308 95
402 752
864 971
793 449
574 495
191 62
671 480
251 771
68 843
252 56
53 57
971 522
772 585
310 920
169 532
790 265
85 392
677 756
502 620
265 744
494 455
702 232
373 574
341 80
587 344
165 258
890 507
84 438
518 565
91 917
640 664
805 370
282 913
355 253
382 518
626 352
882 758
299 994
981 130
860 639
535 303
443 767
563 222
397 162
871 292
624 111
533 683
914 479
349 26
847 271
261 936
353 95
374 759
749 537
110 857
292 174
121 340
892 72
128 994
228 691
430 935
87 302
749 827
127 763
607 685
856 927
637 698
417 437
881 872
590 880
651 412
25 184
854 933
486 473
464 740
561 175
854 467
983 240
585 289
508 208
436 885
399 355
592 515
428 497
121 769
267 949
198 535
309 346
552 965
266 927
685 663
233 744
252 92
26 907
632 482
916 754
602 198
985 758
640 314
660 922
180 227
26 826
851 817
800 813
503 226
19 131
864 676
665 949
578 494
318 141
929 888
180 182
143 290
684 920
730 324
531 141
951 876
899 977
192 891
709 970
713 52
602 314
820 373
329 438
924 475
174 814
981 166
843 141
790 500
991 285
504 795
527 927
587 128
573 109
62 754
782 715
110 906
442 320
83 930
549 742
268 196
732 929
683 781
279 452
283 513
34 393
70 331
770 53
275 913
572 905
211 355
888 61
410 513
524 251
928 980
158 841
345 838
37 884
439 928
82 415
229 476
159 142
72 409
109 188
508 244
309 453
20 960
137 300
964 295
267 977
8 735
47 180
601 704
821 459
366 488
683 486
591 753
243 415
636 478
682 786
111 412
152 717
82 882
907 623
892 167
588 168
381 678
947 33
557 739
778 656
673 430
947 827
270 648
695 885
511 856
739 189
665 770
80 494
463 997
981 88
229 707
553 289
592 329
645 209
758 378
406 335
992 352
434 188
127 281
257 669
493 607
230 625
634 175
121 675
567 689
89 370
87 971
326 1
386 938
259 72
761 288
923 241
250 295
503 699
415 309
36 958
443 916
245 480
675 705
771 178
886 363
129 790
177 209
395 870
912 12
550 530
577 656
519 758
496 792
334 456
884 434
283 922
803 67
14 798
936 928
996 624
617 893
599 565
654 814
110 482
412 533
723 265
251 536
710 513
272 695
148 106
224 720
546 133
565 743
641 191
517 516
609 739
60 977
454 697
276 773
301 726
160 790
977 187
698 282
437 310
830 311
229 948
983 271
859 261
554 317
113 91
646 357
228 380
449 121
878 402
181 674
982 346
424 681
705 808
688 570
853 208
502 998
431 430
14 66
87 536
540 926
342 637
672 14
156 919
839 114
715 160
147 716
33 775
942 649
691 395
529 292
624 870
531 306
662 536
352 569
120 581
197 335
804 761
143 937
671 619
620 1
215 785
163 190
500 135
673 179
249 897
411 414
909 179
322 847
306 328
729 449
278 994
120 914
268 140
767 208
280 706
797 803
210 127
796 666
980 367
324 139
935 917
741 249
25 50
615 958
693 739
729 730
548 186
396 703
82 934
842 475
607 729
168 550
319 257
780 789
915 17
977 869
715 808
537 56
499 133
431 808
381 185
328 827
845 202
344 555
920 223
519 9
742 850
724 697
765 19
414 201
882 337
43 225
461 338
816 943
102 588
241 296
683 401
890 695
212 927
543 677
807 112
367 969
61 654
579 867
622 81
968 600
593 317
852 734
523 534
337 639
940 868
165 257
536 939
60 569
740 395
668 184
118 355
1 909
381 991
522 597
429 541
726 989
915 77
116 25
346 537
83 742
529 256
394 947
342 581
563 432
221 268
248 406
602 773
221 445
847 665
946 122
605 471
484 482
149 689
353 94
923 342
728 958
267 266
430 202
970 967
609 141
629 66
98 650
481 242
571 329
672 211
420 331
370 522
6 516
590 710
901 889
511 300
393 594
746 960
728 587
323 785
64 611
441 305
936 632
423 378
854 954
124 707
654 998
272 608
559 943
487 960
332 775
390 163
547 892
971 600
842 800
592 659
756 686
669 305
856 808
881 683
494 134
522 53
371 633
671 656
551 130
772 701
545 109
210 324
293 367
467 596
873 569
642 796
380 479
330 419
155 499
818 529
57 533
903 904
970 372
688 849
174 700
891 954
430 298
485 901
35 662
940 611
865 603
25 765
705 50
227 338
139 692
31 610
339 3
676 405
520 59
57 759
135 704
890 97
563 61
250 256
738 45
45 723
173 286
67 807
152 730
224 282
480 244
79 916
525 908
927 346
827 862
173 192
176 876
803 217
733 8
44 307
262 382
724 829
211 354
714 375
419 337
591 15
314 89
352 156
614 228
287 878
971 905
254 791
951 151
591 188
723 364
172 30
824 661
487 919
842 610
34 789
920 232
712 74
313 604
517 559
956 947
849 215
79 744
745 6
618 284
431 593
582 755
659 434
751 24
310 982
646 92
168 939
669 277
816 887
954 892
584 275
234 660
181 939
374 798
556 873
787 266
171 141
355 888
680 944
88 605
467 102
531 861
494 269
479 219
872 189
446 400
655 196
895 174
97 642
631 197
722 675
282 564
439 723
456 757
752 418
240 150
592 187
9 805
545 875
618 867
912 562
105 844
483 323
437 917
701 360
633 530
406 332
909 347
982 371
930 790
236 113
807 636
353 331
726 884
71 321
454 75
348 714
467 877
187 716
169 457
478 349
246 784
748 107
508 768
861 772
921 2
468 322
36 14
195 409
245 400
926 979
795 644
547 410
452 862
241 997
149 858
25 420
427 520
698 901
571 369
962 276
542 530
176 999
638 187
824 851
148 277
955 143
187 249
50 531
848 53
537 35
349 517
613 456
707 911
814 689
394 4
413 232
140 608
548 357
552 608
882 475
224 721
744 392
462 335
745 81
447 25
755 476
670 35
375 811
160 952
398 358
915 824
511 557
483 346
581 541
198 627
38 776
761 933
947 632
33 136
592 121
440 246
994 549
705 702
541 80
468 716
768 500
952 17
403 347
283 241
71 118
476 710
402 225
289 533
913 235
643 414
203 407
708 592
912 429
251 387
605 720
834 414
874 723
122 412
22 667
576 841
848 750
47 332
913 934
146 105
862 451
130 392
904 703
652 774
840 573
433 249
199 534
998 30
921 348
761 29
942 74
67 908
28 670
784 36
685 42
839 582
593 185
789 182
595 418
619 472
585 88
567 856
474 569
45 78
249 528
73 285
920 258
461 926
300 28
694 244
55 266
883 189
901 550
574 39
832 589
333 245
345 558
589 371
772 789
498 500
65 703
941 694
745 77
29 796
780 628
252 203
197 710
721 734
437 119
954 835
593 129
367 234
8 799
289 32
534 574
262 797
800 660
303 451
582 842
566 335
630 690
216 458
414 635
716 431
699 731
21 955
134 618
872 245
404 544
13 635
804 629
740 436
189 154
274 205
813 603
398 190
815 966
672 43
360 583
940 168
679 954
868 423
613 297
348 515
547 912
848 571
445 679
226 227
228 936
653 926
529 400
786 257
515 837
239 859
990 225
16 600
559 20
191 745
657 500
362 370
529 458
732 759
585 794
35 513
789 384
330 359
689 820
349 314
426 777
320 986
172 277
390 356
762 469
46 266
57 212
803 141
42 825
573 523
278 745
176 943
231 651
59 518
570 371
992 449
723 339
120 314
232 470
34 180
141 752
239 253
405 843
962 536
103 546
901 683
78 292
615 455
195 8
158 156
402 722
338 41
629 679
137 391
798 76
285 7
626 879
453 977
627 442
795 710
940 485
190 156
467 889
164 831
311 952
99 322
523 420
281 785
677 615
240 284
939 872
829 684
722 324
27 414
635 229
397 256
495 551
695 787
42 177
192 718
924 55
35 776
71 62
364 964
181 522
834 292
820 375
326 392
623 610
455 300
335 362
70 909
883 874
790 394
373 84
943 216
202 108
684 792
900 749
4 442
334 673
406 114
362 342
678 430
314 661
991 573
62 835
672 755
68 388
310 329
370 732
745 568
653 245
33 980
751 999
257 236
23 989
120 58
508 417
128 895
25 233
798 492
980 535
230 146
413 914
840 162
513 332
841 847
551 652
625 992
388 688
872 595
779 1
86 573
896 227
471 13
972 566
753 300
868 46
717 454
403 130
663 992
632 290
524 426
506 531
677 936
453 804
629 699
399 697
489 592
574 691
242 136
939 114
941 928
122 594
603 129
94 532
104 200
602 75
804 771
952 118
772 289
407 286
651 612
568 70
825 345
151 789
99 92
192 810
670 531
216 160
294 775
579 599
156 828
584 831
458 52
245 204
9 518
142 490
678 232
539 146
740 561
905 604
1000 990
430 33
692 956
680 988
518 750
387 302
170 930
876 192
179 912
698 672
880 771
255 133
884 715
575 854
597 746
68 504
653 419
931 907
236 581
372 297
764 647
266 790
135 127
954 219
917 469
685 25
978 37
26 622
202 983
44 129
150 607
64 924
324 454
788 469
147 455
383 869
346 396
9 426
333 231
485 213
167 905
890 814
945 743
472 635
453 792
66 431
194 152
157 4
368 651
845 407
526 530
982 208
506 265
968 574
972 30
510 933
60 672
354 325
912 881
772 261
672 145
542 787
375 366
660 690
615 197
169 249
812 917
174 650
14 499
821 993
311 567
423 645
118 39
862 166
330 31
873 67
320 25
102 831
454 9
754 614
97 873
598 404
486 869
657 15
533 660
880 208
218 795
183 799
511 178
339 5
322 845
879 903
182 477
74 250
917 678
975 144
299 226
373 302
671 651
547 441
605 147
987 607
400 685
976 716
667 609
816 357
393 564
641 334
733 224
573 599
159 145
780 791
30 178
128 214
201 416
609 291
300 428
820 651
15 683
787 746
388 543
885 711
724 699
85 691
555 319
811 841
774 95
902 32
100 400
172 773
275 432
525 775
323 371
519 859
825 981
916 388
220 537
756 763
838 829
678 650
436 33
938 239
501 581
584 699
512 136
365 22
720 43
973 471
702 239
676 232
19 217
5 470
317 452
590 217
484 587
307 579
62 667
696 51
716 142
420 979
811 220
961 81
66 887
842 928
170 713
323 354
834 368
50 291
69 453
2 414
810 505
308 149
515 23
676 450
643 155
79 781
460 769
326 222
921 398
207 105
889 2
603 828
430 200
602 921
391 167
802 522
838 212
495 922
809 466
427 595
814 925
84 698
141 525
439 692
112 643
702 898
409 877
620 555
991 588
907 43
637 296
197 903
769 14
163 779
292 621
6 183
135 465
565 684
915 917
474 431
203 679
498 25
979 538
966 884
272 768
555 283
938 417
918 651
156 486
599 946
580 582
185 402
134 309
7 569
856 985
233 638
677 661
289 188
648 997
281 1
778 360
569 101
143 446
350 854
99 466
906 436
835 486
873 575
860 764
131 495
688 708
563 496
520 413
553 583
105 999
198 324
736 891
843 49
111 731
912 502
435 259
991 286
44 745
254 139
123 628
841 417
514 457
683 758
882 806
49 278
675 550
126 260
552 187
435 545
476 243
314 658
478 385
834 545
484 208
679 979
634 330
27 616
124 940
965 34
309 526
253 182
37 543
851 199
118 602
762 604
124 515
187 223
595 202
564 955
863 55
672 833
948 141
604 388
825 593
79 458
926 433
160 688
147 426
926 448
485 176
135 72
439 579
980 869
855 91
342 394
480 307
309 115
627 488
422 130
83 548
600 944
688 834
57 123
556 875
104 186
802 295
315 681
627 262
5 12
726 206
319 876
947 655
342 199
574 914
955 892
65 162
302 561
284 68
527 56
70 701
972 217
791 631
170 367
320 272
806 80
165 168
900 29
295 221
672 84
378 125
363 227
736 775
22 914
886 221
407 108
486 751
123 675
785 100
587 208
273 136
166 477
813 526
204 569
410 35
943 255
781 240
857 890
852 923
59 264
496 686
174 43
178 406
362 331
968 215
735 654
383 41
954 390
442 210
313 537
671 807
693 795
529 778
859 527
953 710
607 593
702 971
966 795
386 493
337 281
301 254
799 131
603 514
729 707
306 532
736 161
404 249
480 367
963 394
67 321
339 420
906 21
395 470
750 582
966 515
860 2
955 254
188 647
860 279
128 122
682 689
702 692
100 366
930 35
612 641
349 805
722 321
82 672
176 293
33 428
697 133
200 427
347 268
612 272
734 775
368 652
116 758
264 983
781 878
213 284
894 957
553 983
327 484
649 452
869 353
32 450
414 684
53 372
19 188
826 564
497 149
596 706
812 519
528 802
765 545
764 488
716 107
790 742
297 51
192 823
357 679
400 452
277 642
118 36
853 63
302 303
455 759
760 530
870 658
363 92
992 524
684 850
596 134
14 701
308 922
258 115
580 658
503 777
537 705
511 258
295 721
131 880
723 234
61 495
335 240
410 406
672 388
535 203
349 468
847 85
957 533
317 694
983 533
366 521
413 936
968 417
346 509
310 80
239 362
447 345
785 686
299 929
524 269
466 965
886 534
379 835
128 70
209 109
54 375
759 566
678 568
595 371
704 855
809 61
530 515
130 137
508 578
494 344
226 714
206 588
372 892
138 585
602 145
177 890
397 649
878 450
202 705
856 540
618 903
415 805
930 523
894 808
22 649
77 626
995 243
329 525
238 959
188 336
316 797
777 277
248 699
874 787
400 288
610 889
955 914
691 488
819 223
341 303
235 996
58 823
758 464
154 322
339 962
415 377
198 123
519 887
666 729
117 121
266 747
473 132
601 260
250 346
378 663
288 627
435 452
662 773
205 998
923 299
376 428
13 287
141 298
198 472
921 318
315 27
141 443
948 829
644 534
101 439
31 347
653 712
215 403
421 119
384 271
443 300
449 815
638 241
234 251
399 585
612 916
647 151
48 107
233 33
196 179
21 424
479 556
264 595
858 423
949 780
876 860
533 77
993 600
208 240
501 917
64 884
963 96
582 650
393 19
637 250
233 748
677 771
180 493
272 912
464 424
502 656
512 230
464 976
950 648
593 397
716 75
835 344
801 216
825 210
282 735
66 182
160 63
694 140
768 446
4 96
596 762
815 344
601 164
730 320
4 247
130 641
778 986
467 439
970 290
705 314
709 592
979 464
326 25
551 179
420 214
593 986
235 81
164 211
662 694
115 647
614 607
73 159
326 827
61 146
457 56
59 348
33 288
150 117
210 800
214 952
513 126
54 721
275 804
142 488
131 840
79 6
172 356
580 633
577 790
678 238
328 186
510 134
334 496
561 412
384 950
118 603
262 982
823 52
71 819
884 6
908 278
353 185
362 808
91 378
898 284
811 613
849 298
802 59
704 467
138 409
486 505
971 795
849 187
688 71
262 46
817 293
696 594
713 404
146 527
988 778
954 918
259 820
228 151
363 888
513 925
60 952
172 974
983 502
587 937
820 942
57 122
649 350
812 766
815 681
651 696
213 263
207 857
378 297
549 590
878 842
151 934
856 724
855 926
532 483
716 64
700 605
212 881
186 803
226 980
325 512
108 400
148 678
118 217
155 65
644 739
287 267
678 159
221 704
572 817
97 978
842 126
173 605
50 488
801 544
767 373
677 93
364 200
667 91
143 966
130 419
107 7
576 468
92 369
312 108
904 533
837 185
549 373
883 535
258 398
300 789
850 382
512 981
732 816
98 763
538 105
996 749
620 989
827 93
918 884
944 415
449 791
571 209
694 239
822 464
673 544
674 347
196 139
15 593
695 243
163 962
167 826
651 105
530 890
858 415
401 600
931 457
436 809
807 362
924 518
636 280
673 770
330 454
453 774
864 915
958 893
926 223
787 375
60 819
251 59
412 270
985 306
511 538
370 564
981 806
32 451
97 675
696 25
878 257
570 574
61 953
28 166
765 913
472 40
74 292
237 280
739 42
705 78
999 612
252 955
308 581
889 266
264 483
874 734
526 511
250 212
123 590
143 949
297 800
224 487
44 690
800 388
175 260
787 731
884 698
825 690
760 392
338 290
770 215
2 77
632 824
106 169
245 581
611 544
210 123
871 114
819 559
486 649
797 976
656 496
272 489
680 502
564 920
558 507
765 205
567 123
163 785
310 192
885 596
962 563
138 81
432 894
215 93
876 889
733 896
241 450
224 752
637 100
350 719
224 623
298 810
372 607
545 379
380 806
419 678
42 279
523 300
651 883
946 833
160 822
694 823
255 967
467 719
947 601
216 461
52 115
380 320
199 252
60 582
497 484
392 24
288 89
274 100
421 147
708 661
877 10
695 953
259 345
668 43
965 615
588 978
903 817
481 330
498 744
160 353
113 391
41 162
649 931
91 42
856 394
1000 905
175 171
344 877
623 809
130 332
943 182
196 617
611 894
5 825
989 37
112 138
685 850
334 362
35 139
842 281
71 697
976 841
738 470
225 265
297 644
409 962
46 265
84 708
585 121
324 235
16 812
880 555
290 72
794 471
210 238
581 13
388 735
150 426
600 521
693 628
361 251
492 795
662 305
656 762
395 366
641 74
839 848
399 366
457 697
242 897
668 677
889 670
928 538
46 965
487 845
807 306
203 984
967 552
270 360
18 385
117 853
259 228
30 360
693 40
345 346
95 770
616 59
928 343
693 89
159 797
682 202
309 779
887 151
100 891
906 434
66 742
42 188
774 847
695 925
347 819
818 668
530 40
325 956
786 446
697 824
706 361
468 84
627 793
259 83
182 633
952 672
681 78
443 911
26 157
895 77
328 477
236 702
611 922
44 521
266 543
709 265
297 599
407 526
121 379
448 965
179 599
292 862
885 377
188 927
137 923
429 483
103 268
189 846
646 532
206 47
690 712
766 39
548 254
287 874
770 336
20 823
646 679
45 292
432 183
604 53
328 1000
476 931
262 47
543 458
343 48
707 374
437 59
167 998
495 501
647 408
25 953
120 505
930 140
751 36
114 235
565 928
163 660
228 502
925 56
303 388
986 6
532 142
739 962
320 628
66 104
602 86
35 971
33 835
74 559
433 863
482 472
907 930
32 23
967 195
186 800
854 211
550 248
91 741
949 355
577 190
354 113
598 212
411 250
951 3
473 933
681 136
661 930
23 457
26 479
744 552
32 868
130 305
792 862
813 524
61 231
27 955
429 771
508 796
481 953
292 13
700 386
995 710
559 457
727 955
508 883
551 723
444 311
727 808
874 300
214 965
434 765
571 260
519 604
150 129
957 527
63 672
944 690
239 359
824 1000
107 292
805 939
167 582
352 205
704 274
524 5
980 455
214 679
830 228
915 640
272 398
571 226
633 285
67 323
162 437
399 384
943 463
721 706
885 639
745 196
484 312
267 786
231 605
141 821
862 833
955 353
165 160
760 775
816 41
171 518
717 487
206 852
85 525
512 385
622 348
533 501
920 998
703 933
156 296
332 41
207 911
354 465
834 935
851 895
17 519
221 481
316 533
464 256
468 712
4 938
702 65
703 232
191 452
322 277
353 393
761 628
78 846
682 365
913 239
937 225
667 280
260 795
347 1000
603 276
539 194
890 50
526 508
175 150
141 34
406 78
335 476
102 505
502 210
231 223
469 550
552 230
383 480
740 935
519 563
139 753
157 750
213 658
126 173
864 278
681 672
899 377
3 332
802 596
552 403
510 223
295 561
261 737
23 518
994 58
449 833
927 60
50 928
582 455
99 769
48 65
341 708
56 588
54 43
771 593
132 737
777 748
63 779
390 41
985 849
767 531
241 449
537 905
833 773
280 131
778 142
210 444
413 121
384 865
114 160
299 126
781 942
877 709
588 440
381 406
113 792
664 88
4 729
540 571
647 369
929 116
893 315
677 766
769 739
552 781
57 177
170 112
189 436
281 825
765 737
309 88
679 49
389 803
800 886
514 956
77 624
170 402
613 654
449 330
100 983
940 628
502 967
820 488
492 41
131 261
387 175
226 925
355 227
856 316
929 688
640 525
273 52
334 943
5 757
9 754
207 968
515 37
696 276
203 260
260 739
848 575
823 678
857 775
715 417
41 818
697 7
943 177
599 338
554 624
796 522
384 483
37 407
922 111
649 749
745 576
746 811
490 109
996 727
64 650
616 999
376 140
712 742
163 46
991 776
504 304
180 939
148 201
78 14
816 147
859 791
716 948
627 243
901 518
137 681
11 192
505 827
419 615
607 990
186 358
27 450
775 130
392 505
450 339
21 648
998 600
145 566
21 713
533 301
648 537
646 4
887 189
948 122
584 331
638 514
642 603
829 567
262 652
929 897
593 284
209 523
108 287
489 811
990 645
645 86
853 147
325 554
934 124
661 796
330 730
530 269
778 984
984 205
910 245
622 707
827 681
380 478
376 185
687 909
597 788
247 906
641 813
240 988
402 455
207 296
559 71
356 770
469 621
780 263
433 180
179 952
880 633
109 711
171 888
357 605
193 532
62 37
595 497
391 132
286 490
288 895
920 416
97 481
836 796
968 364
805 519
607 655
955 102
614 153
214 523
825 598
98 951
903 15
279 785
985 792
140 633
822 101
471 9
533 254
120 395
673 907
413 176
71 941
630 941
721 903
592 322
518 140
224 876
693 154
859 142
471 732
842 976
739 628
613 596
616 328
949 433
164 863
229 501
811 432
796 260
445 850
788 289
568 219
397 719
740 743
476 840
60 527
703 247
544 324
590 528
15 209
181 761
972 212
42 145
406 726
236 105
502 150
527 170
969 938
937 793
826 881
79 563
65 449
799 810
583 899
235 785
653 819
705 17
892 609
532 690
277 589
525 151
779 133
763 613
378 717
128 642
71 610
224 315
640 205
175 576
359 167
714 434
619 868
326 948
336 948
172 330
706 782
46 471
729 599
589 663
770 19
95 497
9 495
822 295
737 221
944 401
341 962
326 737
917 66
976 514
522 434
922 488
872 691
673 550
105 36
654 931
453 738
312 394
774 228
675 411
659 612
732 374
471 386
110 198
4 599
276 156
778 122
51 660
712 250
11 553
132 483
167 26
24 220
209 288
102 565
950 711
474 132
405 561
907 560
123 151
124 196
363 644
494 306
530 316
144 655
553 613
716 23
293 290
833 277
924 196
709 874
531 90
680 608
716 102
331 192
481 535
939 385
613 762
619 629
934 132
313 702
1000 512
236 82
329 368
209 910
636 531
913 8
108 148
710 4
900 274
723 913
762 105
480 192
619 800
326 246
917 561
272 190
149 776
433 77
343 710
325 439
534 149
365 950
480 32
278 855
689 156
49 61
984 624
345 998
839 722
400 673
774 535
477 397
206 245
357 887
72 249
683 121
42 977
668 957
426 560
588 320
300 25
798 296
727 386
285 363
49 269
819 975
698 132
127 546
543 261
964 71
397 648
567 490
551 545
937 981
718 114
956 342
501 958
730 644
533 423
422 750
264 664
449 652
450 255
898 663
901 340
618 736
92 439
881 274
73 813
284 932
994 595
685 590
66 62
375 40
303 447
310 656
199 254
660 892
661 549
490 160
7 759
967 245
694 599
237 472
886 975
928 43
367 282
861 643
436 498
421 98
725 436
545 790
226 880
421 499
288 126
431 174
951 551
994 6
889 292
449 23
586 332
905 664
286 749
144 80
888 731
412 815
957 946
166 762
226 433
462 80
619 42
322 988
641 652
17 270
683 890
562 134
931 71
547 412
41 653
940 783
67 653
144 605
533 872
92 200
20 797
194 559
332 607
261 597
923 872
358 271
231 535
660 365
863 806
501 993
797 724
928 685
488 244
409 786
458 788
399 905
536 465
683 354
975 970
797 502
158 272
397 968
76 137
405 665
216 572
252 458
159 654
311 951
534 846
597 458
191 313
678 773
594 101
47 862
138 518
639 720
14 141
190 882
47 207
769 793
373 829
834 289
1 796
369 942
154 306
914 280
615 670
471 453
946 137
748 125
641 861
880 141
59 480
409 774
257 375
749 613
739 165
183 835
439 501
46 73
41 975
303 433
478 532
444 412
563 846
534 93
798 54
353 862
248 116
447 700
175 653
586 804
361 925
680 289
38 550
774 479
651 934
340 947
508 301
533 140
8 793
74 58
698 188
567 576
189 823
617 932
428 317
690 552
141 864
839 847
272 721
661 153
668 651
967 633
234 527
806 569
453 815
773 448
96 612
243 503
480 899
501 743
600 948
950 760
354 459
560 354
750 85
649 599
403 468
523 455
617 480
526 938
472 551
63 59
531 976
53 284
290 638
535 936
592 34
846 603
722 669
83 985
657 986
520 302
665 779
170 363
613 709
134 710
289 682
201 567
623 540
131 348
386 1
978 809
151 129
99 208
302 279
259 32
334 996
185 425
344 184
986 747
145 441
404 722
305 819
602 571
630 69
870 980
227 594
912 244
841 210
166 675
248 178
69 76
144 413
953 857
435 686
98 588
581 161
84 655
432 408
325 355
257 195
131 566
779 322
449 891
121 390
908 422
112 719
251 95
206 9
138 297
945 943
999 372
803 473
56 690
3 383
104 734
581 852
234 321
876 784
570 423
220 748
607 896
684 99
206 811
65 725
764 977
211 979
267 869
555 470
969 9
799 259
251 895
271 922
3 972
685 728
802 468
108 563
822 672
678 611
988 527
517 815
720 181
77 872
425 479
356 161
217 861
845 355
648 929
977 939
63 314
857 365
964 695
753 140
238 820
900 223
167 456
389 862
302 593
449 227
551 467
861 702
703 201
320 368
415 810
178 882
970 278
308 721
334 849
637 767
743 527
124 534
679 595
155 223
672 483
270 870
654 183
724 879
956 542
307 264
199 750
120 699
729 359
838 451
987 775
624 123
642 374
516 323
165 218
117 18
335 79
961 948
391 297
377 189
700 23
774 746
83 15
211 450
33 806
841 95
55 415
426 799
524 84
196 421
733 74
42 847
975 445
229 315
176 953
304 78
276 492
754 329
120 230
48 67
637 287
175 810
501 317
104 826
926 397
360 324
777 611
480 621
599 820
11 311
158 170
911 488
200 380
163 624
350 690
573 660
388 939
778 31
614 906
929 153
307 541
973 240
777 861
484 899
939 177
850 524
63 457
618 624
512 141
962 101
783 327
87 580
757 672
700 171
830 52
632 795
255 695
100 928
653 694
467 415
388 269
445 492
838 982
251 421
715 466
718 983
40 218
512 298
403 968
544 218
339 966
641 880
520 851
403 825
724 467
192 164
780 285
305 891
639 192
72 602
184 840
413 757
807 567
788 999
610 441
851 65
400 131
637 592
361 333
876 404
219 955
684 743
788 362
729 654
804 216
220 7
918 832
375 895
906 648
729 831
931 215
556 312
703 571
634 900
391 977
765 238
661 19
607 843
6 168
393 821
308 990
94 881
202 891
96 490
851 618
581 701
267 941
142 523
442 456
951 647
397 967
769 348
654 292
807 188
830 359
171 166
981 761
551 187
592 936
39 487
613 974
227 159
156 129
764 110
378 273
470 481
113 100
630 515
351 38
88 320
706 211
923 366
216 192
666 837
42 187
298 321
562 946
355 176
692 17
56 371
69 531
696 323
534 661
679 394
296 177
477 82
814 407
799 446
320 215
339 885
47 44
567 677
930 892
117 424
624 52
142 387
201 965
865 318
757 248
334 683
304 458
535 41
425 626
830 767
444 302
870 940
399 794
270 283
422 477
746 781
305 65
15 810
141 475
719 82
706 859
884 2
480 344
29 523
410 575
563 623
305 291
824 813
73 735
71 956
37 892
704 471
82 407
118 735
128 147
864 173
385 356
7 229
201 254
200 293
57 412
918 569
686 581
7 65
637 41
50 165
371 685
446 185
802 433
731 93
18 480
695 574
583 569
911 198
854 500
412 31
481 539
142 944
234 945
386 638
669 211
264 30
859 609
747 53
450 889
469 203
15 211
588 55
973 619
541 559
672 250
303 84
613 893
94 203
464 980
100 768
770 570
878 587
974 850
494 848
939 581
634 183
890 29
122 387
549 910
572 353
699 511
294 539
867 295
923 201
486 883
892 722
512 216
311 380
62 662
945 482
486 962
202 285
496 562
633 87
944 550
961 600
31 242
58 700
825 546
11 846
853 971
720 844
257 194
831 680
31 466
154 890
673 730
953 570
770 384
403 734
262 236
465 496
357 162
295 492
98 944
106 506
409 729
428 147
272 687
725 888
944 241
963 175
376 531
394 158
437 28
684 243
322 594
659 471
308 239
205 161
299 80
356 211
618 650
910 708
699 583
939 84
996 3
502 732
863 81
677 215
534 887
459 171
385 780
886 630
994 687
78 802
856 692
820 23
300 945
240 169
347 719
829 351
674 620
308 722
790 618
772 33
499 789
351 796
610 823
118 57
528 965
942 709
956 815
916 768
870 663
136 722
924 283
931 529
600 70
853 284
303 831
680 958
519 927
529 207
468 365
325 36
787 755
59 152
814 478
745 617
706 993
174 187
932 99
720 921
338 64
766 384
14 851
1 176
664 624
718 295
131 533
153 493
427 762
875 760
721 658
370 448
633 318
525 718
451 129
180 577
417 273
680 393
63 820
559 915
11 217
430 733
815 926
851 593
814 583
263 327
820 512
460 778
479 981
815 783
797 272
30 481
750 304
241 288
186 675
703 986
872 478
912 949
160 842
664 458
151 516
359 20
547 567
643 692
337 631
15 154
398 22
769 898
959 915
247 157
622 955
410 89
666 913
773 987
27 169
467 414
622 810
145 102
796 131
464 924
620 447
412 660
17 44
382 926
661 999
97 798
889 298
588 684
887 608
788 881
794 142
614 519
28 594
435 632
684 593
777 957
225 156
135 779
927 511
417 610
509 220
914 758
809 468
794 416
153 88
724 801
463 319
512 913
784 150
180 775
262 293
528 139
436 600
71 987
2 766
629 797
978 231
724 519
873 459
871 880
867 629
256 125
747 575
146 548
497 888
24 120
228 248
135 348
121 776
413 90
604 883
732 312
842 808
593 230
42 356
522 170
116 533
209 221
907 668
824 334
119 69
815 656
260 465
744 116
394 539
934 401
259 667
119 5
655 25
933 839
679 167
347 646
42 184
631 110
243 857
673 434
342 250
146 876
131 354
398 23
856 283
359 760
431 223
471 999
524 586
321 769
231 258
213 787
992 602
347 981
352 761
938 656
888 539
669 512
84 32
568 749
36 899
754 680
494 919
260 587
317 934
11 583
925 807
197 400
472 181
734 201
774 800
166 661
794 226
188 181
580 727
486 950
268 253
434 725
533 583
178 901
360 544
961 748
34 331
984 699
635 101
822 272
774 578
222 543
957 600
248 118
175 655
269 630
165 153
500 788
599 552
102 960
34 352
833 928
926 443
50 758
23 609
21 471
996 443
320 908
910 975
214 488
612 905
55 760
959 390
7 885
731 764
988 962
646 84
564 453
312 653
659 299
532 27
313 235
868 83
854 410
655 863
21 907
83 874
134 410
691 619
839 355
87 414
730 802
296 481
317 405
835 456
867 128
765 535
645 183
994 379
619 650
212 300
801 473
605 721
491 287
458 172
773 694
354 13
192 848
981 208
568 427
625 142
643 315
330 994
156 682
140 359
771 415
130 269
614 749
540 192
248 470
31 613
448 232
499 711
174 45
254 383
59 383
585 219
912 5
219 629
607 462
611 523
135 851
343 885
286 453
415 227
310 479
556 483
352 193
228 636
323 832
984 518
533 395
695 40
182 133
708 437
980 562
215 199
713 577
1 117
2 678
955 244
822 192
141 817
823 821
902 428
336 499
137 742
870 368
855 388
690 192
976 803
884 436
212 797
68 857
218 106
938 355
392 259
66 422
727 63
125 905
200 544
897 462
294 158
540 578
65 870
411 670
855 859
109 405
592 113
275 191
60 703
955 801
688 420
707 320
14 216
587 694
237 497
184 131
882 998
61 835
540 552
509 623
401 134
130 604
402 217
648 129
320 370
999 530
506 101
404 635
787 822
165 118
592 302
243 958
706 314
946 41
398 679
684 799
596 285
728 141
990 349
810 856
433 279
738 170
917 973
956 933
210 707
600 71
505 389
533 669
970 89
112 289
790 292
741 794
706 591
339 10
343 594
589 854
554 555
573 285
794 218
192 376
12 51
196 272
303 540
913 696
550 567
991 899
98 622
872 869
600 276
512 950
968 344
608 815
59 121
371 187
979 952
48 246
799 109
570 359
515 442
6 819
922 344
103 417
272 637
273 660
814 725
907 405
121 642
341 979
305 91
59 692
815 921
449 528
487 804
850 744
73 455
575 119
532 108
418 412
592 831
890 700
66 394
465 314
267 609
79 14
56 140
700 845
682 832
924 773
483 207
502 825
527 344
695 662
462 211
83 802
839 322
123 37
53 338
181 653
385 920
100 979
692 63
285 639
531 123
491 342
240 214
493 764
908 631
147 755
131 150
577 122
298 397
22 342
17 35
201 862
610 226
227 654
411 343
729 208
288 538
109 590
994 244
170 978
192 166
304 544
446 895
175 295
790 192
482 384
101 735
139 510
984 305
417 752
879 928
274 967
849 661
63 663
965 55
219 957
571 320
370 515
561 362
709 50
128 875
149 11
188 615
907 211
908 360
106 424
987 289
346 475
438 507
558 280
427 886
708 397
780 818
949 997
860 192
612 609
849 337
651 39
245 916
176 133
785 797
716 519
119 448
376 588
656 526
181 45
986 948
114 192
96 603
206 656
172 992
356 5
319 915
871 678
472 570
570 191
493 156
755 377
721 185
730 953
185 260
728 318
646 139
298 45
501 546
14 225
548 889
330 666
20 434
848 211
501 467
526 892
640 719
60 470
26 546
763 17
237 330
169 58
668 4
445 413
49 988
585 738
378 96
367 95
745 996
762 970
672 446
32 861
108 72
736 737
348 767
922 826
779 927
448 141
486 853
838 510
350 292
205 107
814 375
199 813
435 550
123 677
192 305
799 374
362 225
45 386
438 778
420 257
849 753
222 909
98 679
64 379
67 588
592 722
634 708
234 461
953 540
992 118
719 973
371 115
369 549
112 821
354 898
543 32
708 908
567 446
471 5
163 812
717 365
99 938
885 535
95 406
711 851
642 898
312 353
295 168
812 470
634 888
894 686
223 422
777 778
561 931
161 61
96 726
557 567
797 72
191 201
796 944
930 363
470 400
952 399
83 877
13 554
325 744
967 809
659 8
756 984
596 693
373 764
220 543
481 683
377 362
291 808
217 258
473 936
493 597
169 423
247 618
88 17
142 498
292 443
934 894
886 71
979 355
282 241
563 96
640 707
272 182
852 66
876 312
291 242
553 235
899 499
481 192
482 635
266 572
305 18
452 839
533 602
440 775
292 232
224 174
614 351
427 515
819 729
913 620
898 216
721 539
461 864
443 253
428 111
232 632
271 547
721 692
104 690
211 758
31 419
343 397
148 141
629 980
867 963
873 386
102 892
579 304
409 584
803 312
977 955
4 595
556 32
81 64
980 708
849 573
475 840
835 293
354 635
315 995
817 549
473 351
539 748
976 66
173 997
869 281
156 340
432 660
554 291
375 497
714 685
252 380
364 870
181 680
39 318
765 599
647 959
834 66
339 608
436 282
496 5
408 935
173 665
744 875
329 491
852 785
270 912
287 978
598 4
165 966
900 399
792 784
888 997
779 854
467 226
361 939
990 242
460 789
121 107
247 767
535 482
314 738
373 133
254 164
801 800
417 747
495 918
615 897
637 585
802 766
178 260
898 13
774 632
595 429
836 961
452 970
6 929
135 199
391 89
874 47
548 245
555 760
936 902
385 128
479 672
867 878
817 133
341 719
949 896
732 48
903 62
428 369
860 364
224 758
522 293
685 791
544 853
870 285
254 823
877 559
128 460
402 743
424 819
333 445
360 582
302 948
431 528
604 792
864 949
708 499
976 159
406 854
152 369
225 909
764 214
233 650
731 391
74 910
393 218
181 795
165 422
203 255
39 333
920 741
151 631
122 773
29 343
549 512
694 555
553 581
443 507
960 577
541 188
35 676
454 863
536 548
222 459
319 132
283 69
122 231
382 525
965 754
992 688
221 258
352 735
362 488
14 753
295 908
960 13
390 928
871 345
269 797
805 187
774 826
261 925
813 736
923 288
232 771
213 704
997 532
13 361
715 531
275 894
936 836
349 305
244 25
796 752
859 588
235 438
715 992
935 947
38 546
371 150
84 561
289 671
400 528
423 364
708 398
453 533
995 871
920 150
851 510
944 44
417 172
256 238
2 542
385 398
78 301
944 187
284 692
683 358
256 362
78 348
959 509
337 806
284 299
968 896
559 526
42 501
262 758
661 468
406 10
612 422
817 766
730 41
930 439
19 140
34 595
22 684
795 876
668 150
528 865
115 599
290 824
4 254
697 209
285 755
297 486
406 297
444 371
35 529
164 331
222 193
210 761
679 741
206 525
518 813
502 480
362 351
624 134
988 447
125 936
184 871
26 22
45 858
942 24
546 833
984 270
586 78
41 563
615 969
799 262
663 424
202 710
77 474
806 525
638 133
452 2
555 691
719 972
98 902
157 499
894 98
26 663
767 577
501 961
154 694
820 587
350 766
556 61
439 603
461 191
483 475
360 46
128 436
985 383
115 260
992 226
392 361
981 553
873 848
466 678
716 266
129 542
548 879
521 268
392 248
467 796
124 189
473 499
256 391
992 53
630 755
596 839
959 247
514 974
52 49
146 458
493 929
350 826
332 481
725 278
874 944
472 164
803 808
648 231
5 278
118 161
563 468
639 577
344 414
255 141
436 438
772 72
838 313
722 643
256 963
648 453
278 256
338 535
931 630
144 868
201 789
993 273
576 871
779 954
567 571
810 584
848 651
126 296
54 517
452 110
940 542
120 897
230 506
857 540
741 826
315 88
872 779
976 222
710 963
605 55
382 400
462 8
232 633
817 971
841 897
915 646
241 765
333 947
707 1000
36 500
220 377
225 533
836 19
175 899
536 367
115 450
431 910
381 283
925 244
964 270
747 662
199 499
436 935
103 466
26 935
561 974
963 974
436 86
792 294
646 193
830 290
560 258
579 254
557 78
468 615
953 486
530 897
652 11
990 548
937 440
838 718
247 5
772 3
195 630
469 123
120 325
141 780
406 516
407 309
13 990
285 921
731 713
201 582
697 329
536 969
900 106
298 260
338 729
947 913
633 564
596 424
728 224
1000 517
431 145
250 143
348 561
776 182
944 776
374 453
361 938
52 585
112 212
666 717
559 122
46 171
329 276
62 689
525 7
965 960
639 185
497 832
149 787
6 644
951 583
490 115
395 586
326 917
440 804
943 635
408 258
727 699
569 841
97 843
573 509
194 670
638 221
668 646
894 43
950 201
242 690
618 41
423 472
822 38
807 438
423 425
870 611
124 400
752 969
414 820
396 871
293 909
848 316
635 516
673 807
671 468
765 409
512 99
953 23
402 887
480 847
299 389
29 52
693 221
695 611
365 124
937 523
609 998
313 289
260 504
299 274
601 950
387 296
56 125
510 974
574 963
105 283
567 636
878 437
570 618
365 158
846 663
668 179
743 841
691 722
85 111
400 393
808 534
809 867
113 350
938 921
8 222
31 738
786 85
680 720
351 893
227 291
619 997
195 769
587 3
992 689
9 581
429 820
411 297
373 357
390 929
871 344
819 453
362 376
434 861
153 235
364 414
629 422
650 893
499 641
88 491
452 777
126 352
589 888
936 182
644 655
774 714
480 82
851 69
597 681
193 691
844 886
3 430
335 845
62 911
871 143
896 653
789 360
202 562
884 42
940 772
788 907
615 138
159 160
287 895
806 933
555 743
702 794
243 83
851 272
390 124
484 367
626 301
662 456
133 662
689 494
159 454
845 641
557 303
300 280
854 659
270 448
915 781
879 68
972 746
115 299
815 812
561 901
587 901
303 368
642 734
384 754
4 699
976 124
99 767
869 463
397 596
649 443
962 210
910 306
972 301
860 693
240 278
829 674
189 323
259 301
207 611
668 151
385 855
959 944
13 998
506 40
532 582
971 110
903 347
772 85
420 601
807 620
890 146
215 420
251 468
826 982
477 874
942 192
467 300
947 118
940 810
148 849
934 488
792 841
652 481
231 140
359 475
931 554
543 223
420 45
666 261
28 570
987 835
549 200
552 164
81 764
766 765
947 389
605 161
720 981
408 459
563 853
177 50
26 518
864 468
233 235
948 904
516 692
77 426
24 266
975 369
194 710
729 799
733 831
993 914
280 35
758 658
772 832
662 468
867 36
927 784
732 360
826 229
683 308
727 167
397 918
165 808
362 581
716 692
20 131
918 684
555 74
483 299
731 81
950 765
590 276
874 729
371 606
285 765
851 872
940 590
556 233
475 524
406 910
759 276
173 913
356 281
817 793
857 276
271 208
259 760
544 346
122 826
801 365
973 615
458 171
867 77
960 313
682 348
587 122
19 502
417 141
761 323
446 987
197 351
89 382
957 437
463 188
356 812
231 176
487 10
89 751
473 584
572 236
22 245
262 100
407 837
102 423
504 178
354 800
308 830
907 260
123 777
35 251
897 756
20 525
365 972
314 814
3 879
852 290
875 899
306 442
427 658
104 549
837 451
574 587
186 87
993 845
850 78
686 280
618 50
693 516
548 281
360 54
555 559
205 490
99 891
153 311
176 240
430 709
762 867
21 488
224 748
999 860
7 197
907 507
525 904
51 877
512 489
307 663
750 681
200 325
989 603
958 922
707 150
394 365
548 590
509 694
648 584
997 193
251 995
200 547
589 55
6 461
973 344
756 536
380 749
378 482
547 543
752 539
215 757
273 662
240 463
256 612
726 227
17 649
441 537
351 122
78 806
805 321
678 977
667 352
189 252
541 327
504 530
913 224
198 362
1 814
425 926
282 817
874 695
1000 518
991 456
848 586
134 961
691 4
396 152
515 850
364 292
166 502
539 72
723 919
136 677
637 869
984 425
491 171
974 516
387 372
406 48
672 710
413 748
105 407
649 728
882 44
796 639
301 55
731 487
220 137
870 215
482 652
429 403
839 712
419 133
140 981
849 584
850 163
888 18
63 594
393 546
46 356
656 488
881 895
970 536
894 954
811 532
689 112
391 1000
876 738
360 798
578 936
225 560
45 357
140 575
652 163
509 888
517 731
65 692
962 442
484 170
121 880
376 404
327 524
60 905
872 778
924 610
981 639
301 669
592 818
590 221
831 29
247 458
473 441
384 646
739 946
61 642
498 860
137 114
377 597
668 958
476 927
895 801
636 114
873 585
910 454
821 809
380 463
354 257
57 916
855 561
616 180
652 777
619 710
659 979
145 201
108 153
346 634
459 937
260 75
74 320
386 836
313 732
244 560
373 980
999 896
878 519
75 886
293 179
117 479
282 132
683 972
782 841
938 587
686 204
597 854
653 551
376 437
837 232
504 290
828 509
560 579
462 167
447 561
305 88
799 936
25 105
906 546
466 237
272 472
927 392
949 704
242 580
3 574
564 937
162 389
56 640
954 153
607 801
671 66
33 656
256 113
864 134
232 336
609 694
573 851
997 39
334 865
341 963
802 55
289 104
95 596
902 250
229 798
357 297
938 294
461 507
798 970
15 36
117 974
133 105
925 477
360 865
950 560
80 352
65 220
191 436
817 845
932 736
307 139
894 845
843 973
756 886
192 729
709 812
1 997
364 63
957 206
27 137
930 774
456 941
862 213
442 640
596 481
361 153
726 868
732 737
948 422
87 826
473 962
2 376
372 818
503 682
931 557
895 228
862 503
663 226
890 967
605 619
832 85
424 55
335 2
970 184
16 98
22 456
794 17
559 275
728 789
430 861
859 573
107 304
849 519
137 899
376 175
932 310
310 102
992 9
187 233
171 684
908 271
626 314
915 733
459 115
186 35
632 79
792 945
300 479
633 773
219 41
208 326
924 644
971 739
129 882
518 244
993 582
450 142
342 384
343 185
241 275
600 954
214 206
74 885
574 702
830 215
441 659
958 168
83 878
634 124
337 546
764 399
431 296
126 944
218 295
535 934
424 698
687 731
249 459
782 197
14 115
635 11
284 205
213 209
621 52
204 948
776 13
575 647
703 466
317 115
913 148
916 873
279 59
118 65
639 417
567 644
588 865
828 208
421 262
558 953
818 922
382 805
112 313
444 344
616 761
925 775
415 457
382 180
40 437
390 761
653 189
306 296
662 949
614 338
561 294
634 372
597 608
758 353
126 8
698 905
225 329
873 357
690 277
694 373
577 909
547 117
768 870
411 884
685 927
328 379
185 473
708 87
641 138
474 109
367 218
224 604
206 860
410 929
285 83
582 715
697 147
860 425
879 127
721 117
890 676
835 253
195 346
858 134
319 465
226 572
578 265
485 525
844 196
683 78
960 969
542 263
194 433
583 681
567 861
143 504
62 901
866 511
539 527
276 735
995 193
501 392
5 415
714 571
821 837
847 965
169 230
408 938
133 323
199 740
963 524
86 365
469 347
678 33
577 146
562 710
728 226
269 20
198 250
479 439
886 55
707 582
377 101
583 237
500 879
362 908
734 107
773 533
723 918
763 425
575 487
364 436
439 394
747 125
529 194
14 570
698 587
794 38
614 495
960 194
390 741
600 361
639 8
58 349
554 678
314 963
215 258
361 484
789 338
37 733
849 591
98 989
247 845
375 735
362 966
660 481
221 631
564 837
140 681
694 192
751 273
58 46
975 729
151 876
271 806
988 852
719 676
609 502
686 535
414 826
219 398
59 569
690 893
894 741
532 104
755 353
702 440
596 923
669 209
892 30
124 112
824 294
535 776
57 185
185 492
400 272
691 566
711 459
638 633
859 380
113 114
778 714
597 82
928 179
412 92
894 854
385 924
763 9
467 564
783 236
971 68
496 36
298 486
529 680
49 948
14 474
472 13
735 116
133 456
118 30
86 504
624 959
967 417
127 196
938 697
776 340
654 922
947 141
531 458
291 849
438 512
667 26
762 148
266 657
691 144
532 992
595 364
61 408
310 860
948 656
642 455
27 307
718 618
62 802
232 661
68 315
333 469
178 295
92 417
366 932
614 282
841 974
292 946
404 212
222 695
475 201
741 766
617 800
233 47
823 968
345 534
309 499
940 373
167 612
744 460
420 49
216 741
863 973
185 46
901 288
205 147
43 56
25 597
114 858
1000 229
907 659
986 440
156 360
621 668
57 213
973 287
615 7
346 829
361 543
475 595
666 572
469 49
307 138
367 726
191 516
985 19
749 26
658 106
473 848
455 288
210 613
58 977
719 484
44 732
246 222
275 56
325 197
1 567
771 55
496 701
473 425
784 954
343 929
40 474
704 97
758 212
226 509
858 118
802 690
487 454
861 213
864 359
883 517
19 920
793 813
442 197
42 446
922 75
45 1000
999 107
712 603
422 786
176 1000
837 493
396 438
328 51
382 458
954 203
545 77
352 169
595 215
619 301
98 665
168 747
8 768
560 221
626 594
474 487
703 682
371 917
109 390
604 189
463 724
232 220
773 457
441 944
925 447
122 759
696 698
787 357
399 107
497 121
902 886
9 229
786 983
109 428
220 843
466 11
501 514
545 4
194 388
986 190
591 997
43 851
869 707
815 501
35 835
200 886
991 48
521 124
385 938
749 510
75 211
100 614
505 146
914 228
572 392
899 840
477 844
957 66
671 970
373 907
728 182
794 509
145 434
255 427
439 304
455 10
60 75
443 821
45 665
173 484
875 214
88 132
331 56
830 562
376 383
305 901
217 8
1 396
184 774
80 951
490 26
862 754
455 840
245 276
121 286
728 754
383 698
22 324
171 634
409 897
263 42
339 448
620 983
750 994
950 224
21 20
101 326
970 946
897 5
435 962
422 536
793 212
578 834
98 792
444 780
393 742
937 168
659 767
474 507
147 467
943 475
167 812
6 106
696 632
822 200
418 258
518 209
168 997
958 920
618 357
160 949
949 251
355 356
575 145
208 65
281 699
177 17
431 872
324 639
56 245
498 822
798 771
412 202
285 884
267 713
933 568
866 212
664 355
230 946
316 558
763 332
431 463
14 221
215 612
432 863
422 134
939 360
246 346
29 480
218 427
221 536
502 99
213 244
73 579
948 377
911 887
388 272
65 421
240 909
758 451
3 808
743 405
355 428
339 819
670 789
378 791
586 336
970 243
538 415
848 731
869 175
979 259
637 867
639 213
89 713
996 867
120 817
339 17
893 586
675 912
715 666
171 401
827 804
314 849
352 388
225 138
858 914
205 729
352 115
942 198
780 37
965 239
604 289
415 194
309 587
550 955
366 532
444 562
599 638
712 834
968 428
54 945
720 701
188 719
219 227
759 997
577 793
745 175
618 423
713 457
916 170
594 444
480 612
872 294
103 642
200 355
891 499
599 930
232 20
730 831
20 325
425 403
797 411
691 904
216 552
489 532
807 102
704 788
235 13
460 226
722 717
736 305
319 681
142 114
489 822
570 617
459 986
893 352
374 235
419 684
854 161
826 846
903 922
743 731
456 947
627 918
334 948
875 368
912 390
804 700
273 188
203 319
957 394
264 393
66 621
696 396
625 474
808 198
55 880
365 735
520 858
297 327
984 391
16 489
733 276
644 763
758 201
308 124
245 426
248 130
28 576
550 727
268 215
953 809
392 983
11 831
72 831
770 32
974 768
82 136
270 907
92 81
37 752
595 58
10 332
909 572
292 514
578 795
432 133
950 91
272 606
555 617
984 723
635 711
392 531
210 262
980 742
274 776
488 938
183 473
538 760
651 939
85 603
940 681
381 755
77 967
921 613
940 331
997 182
420 335
234 674
716 738
294 959
506 738
378 523
769 710
772 675
469 79
694 664
181 891
648 864
891 74
833 292
796 424
484 652
363 469
402 139
721 495
598 87
446 704
801 311
605 841
994 660
829 385
957 204
298 475
948 305
534 42
387 3
761 420
10 970
173 622
815 67
654 199
721 625
736 742
808 275
93 311
554 827
939 751
616 624
504 810
395 909
362 456
568 755
476 336
369 640
409 281
106 821
253 546
126 304
552 167
936 6
120 873
729 465
330 828
541 994
592 167
582 150
513 445
948 996
148 400
719 91
650 638
987 403
178 863
619 300
984 991
289 703
381 17
310 23
498 335
371 999
710 532
318 653
357 105
711 846
877 610
950 470
738 820
523 128
29 983
431 615
842 886
66 348
447 201
108 967
390 102
474 169
536 164
241 226
593 85
578 291
545 973
915 8
423 801
942 819
305 446
137 136
526 946
360 863
759 591
330 699
276 709
632 747
32 33
324 841
717 910
692 881
612 164
48 827
947 953
566 733
109 862
91 767
38 474
22 575
62 300
688 875
853 47
430 336
52 706
919 148
766 979
307 308
574 474
188 113
373 59
546 927
552 287
678 372
974 559
866 594
761 858
40 221
35 367
232 781
76 976
75 751
25 438
318 877
945 197
101 66
183 93
167 632
116 96
44 261
121 398
414 403
825 913
805 546
758 578
851 348
253 657
140 647
499 182
906 986
798 324
512 381
548 363
897 181
185 139
901 581
6 107
427 962
817 382
198 899
60 992
168 998
