1000 9891
232 57
105 333
575 944
95 686
43 3
560 439
544 978
696 855
573 121
364 701
80 12
617 315
539 656
759 501
355 19
319 692
308 443
660 720
365 182
277 948
556 609
207 695
375 243
653 569
769 327
322 363
434 369
435 56
787 207
131 275
776 92
830 147
78 852
907 870
583 969
969 589
74 299
806 104
777 374
523 854
305 629
412 655
65 930
429 972
982 536
839 129
255 78
607 229
350 342
942 378
292 43
869 505
308 797
148 618
480 74
244 147
64 265
192 382
512 797
639 919
783 876
953 893
954 430
594 889
22 502
767 854
742 530
992 68
684 650
979 958
430 522
452 70
862 521
498 260
941 390
817 184
890 574
929 454
103 479
675 38
516 798
444 785
581 816
260 458
346 227
702 604
119 506
210 434
272 785
574 811
66 105
812 411
501 822
891 498
431 543
486 60
906 539
124 114
416 187
324 604
700 843
403 423
261 77
65 836
392 180
925 502
838 953
480 448
398 110
590 450
722 714
618 907
485 688
235 549
108 301
513 621
458 268
9 798
85 107
674 536
969 920
520 494
759 255
834 210
728 337
615 81
477 540
22 999
832 319
545 926
394 930
916 803
31 32
905 175
965 654
344 888
934 955
118 830
269 792
453 75
92 669
614 574
121 251
487 476
629 83
520 953
962 934
687 311
801 944
775 816
978 444
281 20
819 532
894 248
71 835
922 279
194 766
525 666
858 649
226 911
456 189
69 632
646 694
777 677
941 490
107 516
989 510
936 645
865 521
372 535
45 471
410 884
418 331
20 235
794 926
601 756
553 270
915 894
627 392
773 356
578 238
1000 118
621 666
68 558
454 515
381 545
610 749
368 704
845 338
460 176
914 147
213 472
967 835
199 213
836 623
590 478
777 67
482 459
462 845
66 138
29 310
264 287
817 287
134 723
998 914
105 29
734 372
695 918
972 313
947 2
574 221
351 204
985 130
786 437
807 585
848 902
499 978
101 906
869 784
196 914
503 566
783 480
168 115
117 432
706 751
672 291
601 451
88 170
72 751
35 485
921 452
773 619
746 595
446 797
40 476
190 465
131 807
36 891
575 800
541 880
926 998
819 338
770 146
898 95
297 604
444 405
373 489
286 464
824 983
72 860
384 328
811 691
149 952
978 416
466 204
304 191
983 977
658 718
791 494
940 996
570 32
357 182
736 1
722 44
560 223
542 963
965 472
234 535
112 954
591 306
940 10
544 803
483 625
708 126
90 821
650 88
556 58
594 389
392 415
247 361
110 163
574 722
223 384
487 870
868 971
907 689
423 734
820 886
358 925
750 499
792 207
14 768
997 314
307 535
273 686
919 723
602 93
89 134
569 140
952 4
695 724
184 238
739 860
886 925
189 355
618 963
450 881
696 9
919 433
811 328
830 244
133 364
156 899
35 722
430 148
863 116
297 83
481 286
488 507
959 545
799 796
529 296
549 805
52 707
723 526
50 412
359 362
588 668
19 619
924 442
444 283
734 29
80 794
982 991
767 95
878 796
112 395
554 574
295 800
442 372
409 101
283 588
124 854
840 415
213 643
254 497
664 749
737 9
902 438
24 588
576 393
978 501
154 211
139 141
896 512
98 761
331 969
327 881
309 742
24 362
478 795
245 564
774 323
831 438
814 704
500 98
162 59
879 410
993 105
185 138
218 152
379 332
932 922
241 947
985 364
466 756
380 82
147 179
755 134
434 688
81 459
272 980
809 702
973 340
764 63
527 333
214 88
887 163
190 977
673 489
982 93
587 687
511 671
187 829
204 245
89 19
807 819
187 938
973 519
995 83
47 142
308 730
57 606
40 551
87 782
2 396
541 613
359 398
126 623
18 674
37 134
534 54
598 489
604 500
618 403
847 771
552 209
914 488
24 906
62 698
49 329
340 312
912 201
92 297
974 955
300 862
541 824
28 749
395 178
268 188
568 906
733 464
936 878
404 844
193 936
895 364
163 63
755 697
383 600
496 820
137 984
245 615
883 282
969 84
168 534
106 462
76 554
3 740
423 471
850 961
297 967
119 580
541 342
34 18
988 855
661 119
976 887
245 810
968 356
255 371
33 490
108 874
949 172
343 141
570 669
518 179
346 2
111 262
425 401
731 413
25 890
203 868
264 992
263 754
858 8
878 446
511 691
995 254
388 464
688 726
325 571
507 968
300 417
237 351
222 461
593 719
118 226
778 555
66 841
782 51
546 914
623 607
771 318
274 378
517 462
265 581
340 15
127 193
202 232
400 189
445 340
545 526
70 35
933 495
718 847
638 964
813 585
444 172
597 850
857 701
162 989
879 824
741 807
724 75
62 854
232 777
11 264
527 680
628 751
905 864
975 675
537 345
563 749
434 523
326 517
681 538
5 106
331 913
405 122
177 491
474 671
590 833
497 534
614 123
372 370
675 197
72 110
113 582
368 966
298 720
815 981
962 619
354 731
246 853
392 484
711 757
125 872
931 397
642 552
590 146
674 121
218 45
11 546
539 829
167 212
885 975
731 505
219 474
113 898
20 458
575 56
652 971
815 521
527 389
364 789
368 336
762 640
464 707
876 176
470 361
952 216
229 734
655 406
731 564
623 514
126 268
811 213
558 711
763 135
518 465
89 500
715 24
195 341
772 225
973 672
577 95
505 75
429 898
75 638
235 959
389 704
672 292
800 361
16 440
761 115
906 516
888 658
210 642
75 400
746 592
799 494
396 495
89 519
182 484
568 552
644 729
80 974
430 246
639 124
197 41
384 474
457 180
738 287
260 673
906 627
961 740
399 658
484 454
318 966
927 104
682 37
966 646
770 437
646 512
386 394
963 412
818 393
140 669
16 915
228 432
691 568
996 476
559 994
229 459
780 973
802 885
56 527
272 700
556 164
722 188
64 830
160 573
802 228
806 676
4 614
532 328
985 519
22 492
657 595
163 563
238 85
185 79
829 910
461 266
946 938
803 611
91 821
589 14
347 431
310 593
424 896
96 749
225 975
707 479
191 246
553 997
868 224
536 213
42 98
797 242
229 528
218 291
248 83
288 937
705 851
963 647
530 350
991 864
848 837
890 320
701 376
776 49
777 344
597 71
178 215
507 609
37 16
592 457
614 778
248 623
800 262
841 510
386 955
433 380
314 713
739 360
888 686
406 41
690 92
840 561
213 529
736 482
951 829
633 94
425 609
802 725
196 292
272 220
220 162
24 589
131 659
489 199
567 836
148 438
761 635
275 557
105 840
873 506
581 969
875 676
501 304
24 410
480 748
665 407
719 716
241 674
736 545
350 732
349 823
578 611
685 701
561 887
643 933
146 759
907 623
935 437
574 719
319 976
546 116
329 848
591 365
682 852
943 403
551 122
679 1
683 66
925 385
708 535
730 235
952 33
759 100
361 790
166 190
188 322
904 19
28 187
781 467
105 792
307 116
71 247
697 700
825 503
611 2
739 89
79 536
498 761
299 1000
763 335
507 525
424 71
813 979
745 933
27 994
162 839
52 599
314 634
520 161
460 780
745 822
118 976
833 778
912 187
567 533
113 550
118 835
193 568
119 493
288 724
788 981
625 541
24 570
763 291
443 48
980 265
709 437
257 180
224 65
831 870
155 793
228 649
927 403
585 72
738 66
362 947
404 828
611 700
137 991
724 901
606 175
466 149
395 403
806 947
879 731
889 470
485 24
402 572
607 857
719 819
722 245
745 172
565 601
31 285
345 574
9 503
640 96
967 283
313 85
987 104
658 771
405 537
265 174
817 489
323 352
60 885
702 444
777 843
543 660
652 328
90 12
968 882
747 37
6 262
542 468
394 620
640 332
513 754
826 619
759 475
562 821
246 266
673 500
568 158
416 923
735 338
517 43
665 694
328 428
925 278
530 166
716 189
86 903
991 117
177 985
30 821
269 163
18 997
739 117
244 573
599 5
818 892
601 116
451 330
539 186
832 160
512 15
173 408
65 311
288 530
606 118
308 989
476 335
314 542
645 570
169 369
460 72
286 728
857 700
828 11
482 587
231 68
801 965
168 326
956 167
336 984
318 856
549 304
698 986
1 378
130 158
538 3
704 295
172 261
634 286
853 906
361 452
917 211
179 759
733 164
550 986
920 511
244 407
980 515
231 699
968 459
825 582
399 607
426 539
262 173
120 268
229 470
915 565
113 581
185 848
917 143
901 522
168 642
333 120
747 566
950 457
438 285
975 558
730 879
198 969
347 213
313 101
741 45
48 985
177 950
381 590
276 974
479 833
997 260
467 777
100 851
565 960
983 337
587 520
200 608
554 339
312 26
76 19
976 1
540 642
160 222
381 656
700 997
318 805
651 616
570 520
610 973
294 952
702 5
388 437
143 449
507 983
182 953
950 855
298 454
979 46
724 853
866 502
217 60
936 348
790 555
541 443
526 17
786 450
630 197
939 736
45 689
515 913
758 185
302 83
880 635
933 275
348 789
758 539
918 425
352 464
649 676
874 317
837 183
928 984
228 754
660 588
456 509
555 795
628 371
223 953
849 634
157 603
339 296
609 410
438 44
77 420
23 578
979 888
896 324
719 890
105 52
656 324
331 149
94 968
385 370
722 189
6 130
372 454
138 26
215 24
533 115
368 945
367 205
66 296
732 277
751 43
285 251
17 901
181 954
517 816
898 850
574 675
96 750
152 688
725 573
892 66
843 654
785 646
76 55
276 593
886 608
407 441
318 204
503 208
489 866
881 416
311 797
423 695
389 879
364 905
937 359
757 622
901 196
366 955
138 688
401 34
554 248
193 128
571 855
559 254
463 789
834 395
726 645
364 318
537 980
79 805
871 265
597 46
361 576
97 206
390 611
466 509
329 51
420 478
573 240
991 513
524 980
432 260
359 219
225 211
742 280
211 416
193 893
250 646
768 605
509 155
572 959
77 503
315 462
943 704
832 707
263 183
875 679
37 774
902 266
466 976
931 358
66 291
133 744
763 395
381 276
650 85
670 16
871 657
821 396
89 744
189 562
355 822
228 8
360 128
233 662
920 866
939 78
502 810
33 159
587 720
489 973
551 117
891 414
60 688
612 101
942 850
910 492
996 137
635 987
711 3
929 822
697 338
839 1000
222 471
648 138
360 604
342 988
695 984
585 840
761 65
227 268
105 572
486 555
507 524
201 681
130 375
39 997
23 480
740 630
965 663
861 966
738 115
494 997
633 799
374 335
254 305
554 897
370 818
188 886
886 325
712 394
376 14
162 665
823 172
352 119
97 89
317 711
563 659
158 725
219 985
914 795
495 892
261 724
478 874
686 207
185 970
2 784
629 783
33 654
302 500
950 115
57 256
537 14
580 212
998 335
30 205
103 553
487 974
73 622
438 310
884 354
944 23
979 526
157 214
560 521
512 459
546 38
74 807
390 472
398 74
691 908
560 293
599 156
444 601
790 947
720 27
42 59
26 676
669 974
434 385
513 610
290 957
166 72
521 47
672 205
360 553
707 286
221 632
829 377
922 525
526 139
305 517
855 709
469 378
588 960
909 402
178 156
749 339
145 493
658 732
710 228
62 634
50 418
88 209
775 856
126 393
771 478
97 133
425 670
410 106
452 737
624 81
64 505
562 88
11 674
656 157
624 225
71 542
1000 6
742 337
173 202
300 85
612 964
110 735
789 256
319 459
735 580
684 730
704 312
353 846
379 714
822 328
664 598
171 582
64 566
928 987
127 613
153 320
816 128
724 521
780 811
381 250
971 98
595 796
281 420
863 16
397 794
58 190
295 191
245 780
67 36
621 629
642 550
111 183
739 758
422 262
185 790
942 251
599 66
926 246
592 788
459 877
602 213
713 852
532 248
863 750
929 618
63 278
673 38
850 81
381 687
935 162
96 801
194 498
166 116
388 438
136 39
209 663
763 40
32 136
587 454
368 48
364 274
446 542
93 386
535 751
634 166
942 727
982 724
363 132
771 429
343 24
919 253
387 404
340 34
515 912
629 274
995 728
762 181
908 193
1000 866
231 26
982 950
72 609
514 555
736 472
666 447
595 271
723 194
814 239
11 718
837 182
729 469
785 283
850 323
253 768
823 148
571 359
185 544
662 18
104 950
484 468
921 5
725 971
335 991
410 514
619 288
361 48
37 865
77 308
557 106
558 317
941 459
980 663
197 619
239 870
870 322
567 294
949 147
533 114
147 299
848 364
149 377
63 199
673 887
370 115
268 435
560 399
746 470
392 347
877 640
824 372
436 122
54 441
60 830
995 461
294 582
158 395
744 90
545 31
986 187
915 125
683 233
833 260
389 878
375 405
179 438
640 676
860 775
703 331
222 395
169 76
874 858
967 471
236 99
535 755
459 708
705 236
905 482
464 862
448 115
72 703
941 581
678 281
424 252
922 871
230 656
303 812
487 3
514 445
491 196
681 404
740 865
773 588
958 869
355 891
231 62
457 197
754 853
173 461
783 788
73 53
850 858
370 753
666 2
300 772
482 739
49 12
803 231
417 544
951 39
662 62
645 932
595 9
267 34
996 611
536 198
617 850
909 576
474 341
629 987
868 549
686 402
125 659
505 781
200 253
957 736
699 773
423 445
744 506
360 483
401 679
474 119
289 279
884 446
647 498
464 65
329 706
67 252
952 340
133 163
458 675
862 706
1000 34
435 49
837 913
548 708
533 360
627 325
232 728
388 217
483 221
507 195
33 760
368 267
276 630
317 350
959 787
928 173
566 403
569 173
312 834
223 20
248 832
246 351
799 991
216 286
566 514
606 495
553 737
381 968
832 886
627 528
921 837
523 765
374 51
835 575
490 532
610 869
114 596
504 904
657 220
507 527
791 905
500 508
678 261
455 628
918 372
352 699
895 293
667 52
563 71
325 152
476 276
850 489
26 39
762 237
514 837
197 94
714 72
764 715
455 922
408 411
653 219
358 163
150 466
82 161
729 702
859 635
396 731
434 610
676 785
537 499
441 454
663 375
392 244
196 56
417 445
689 672
797 594
447 329
323 951
909 612
659 689
163 798
916 192
106 348
881 594
238 305
782 82
441 17
298 650
615 461
357 429
931 402
806 738
256 138
539 933
405 551
703 425
560 343
635 909
82 519
856 974
927 759
164 821
185 502
204 54
703 92
685 577
532 538
734 610
146 507
459 64
981 971
431 494
345 105
364 835
574 90
42 203
80 266
8 119
856 667
433 591
466 238
683 991
957 20
796 150
748 255
674 758
895 888
678 214
19 567
814 502
653 908
166 358
865 302
277 392
10 821
690 147
388 530
823 493
58 537
754 778
334 714
898 119
115 985
353 988
962 930
249 803
503 914
144 465
680 163
111 653
102 64
139 214
182 168
409 892
957 447
345 894
989 329
632 58
483 712
802 876
346 336
17 169
208 337
635 730
462 362
34 53
787 573
613 143
190 365
542 133
780 522
51 682
487 834
57 509
133 944
355 736
797 457
1000 235
764 156
46 785
603 6
215 852
860 623
879 189
76 190
150 993
526 552
108 623
878 127
402 994
989 958
921 470
170 70
905 9
959 218
363 571
414 581
181 838
117 632
227 24
579 847
411 961
985 484
752 425
349 10
329 584
536 922
249 417
798 638
625 14
588 918
806 37
19 373
66 619
4 231
667 289
320 180
360 661
821 552
990 913
848 634
151 225
101 950
249 910
744 571
249 131
748 227
765 376
773 710
317 842
140 197
804 300
550 312
439 347
204 764
122 341
303 760
922 40
787 756
239 766
884 705
650 793
558 134
260 717
541 844
637 919
858 932
261 777
176 799
379 888
290 747
41 645
979 909
284 813
871 171
675 388
676 939
382 460
664 947
800 783
119 747
618 198
430 582
989 429
580 158
730 559
822 119
716 974
720 521
737 429
785 777
557 250
650 300
797 651
724 669
927 937
417 48
807 199
919 777
422 291
613 52
264 861
726 509
358 913
378 317
626 129
474 178
539 794
422 434
831 82
544 260
693 29
342 101
364 741
330 597
720 85
647 572
835 292
873 633
892 179
783 12
731 375
200 749
865 825
790 868
709 888
126 984
910 385
553 644
722 801
672 246
247 862
677 363
692 97
769 880
244 72
451 331
26 447
708 319
724 313
942 752
1000 929
840 854
13 228
491 54
476 386
406 445
37 762
396 67
718 650
222 821
79 980
87 352
400 917
503 290
827 798
808 36
534 471
356 235
244 132
795 316
799 348
897 716
876 594
475 504
202 656
637 325
763 849
235 472
914 821
832 854
82 77
837 459
219 876
99 786
906 884
853 817
984 896
219 157
186 462
755 774
229 492
157 351
30 215
837 749
327 915
368 832
115 461
631 139
371 887
962 430
525 896
911 411
326 749
205 196
564 573
711 702
409 748
532 83
591 147
132 417
460 22
564 428
102 551
233 660
566 374
803 512
919 642
891 46
394 631
696 971
878 55
924 171
963 727
964 676
307 859
952 36
889 261
539 516
454 873
971 81
739 205
607 677
575 714
221 643
826 807
386 888
4 191
354 36
302 316
341 282
454 11
810 499
300 677
290 399
729 193
805 60
193 396
658 846
2 170
904 594
818 8
340 910
676 190
529 441
127 924
370 643
187 475
704 175
151 380
869 202
88 388
275 876
130 185
443 162
279 536
505 605
995 863
42 816
704 333
614 192
465 447
998 99
671 923
675 92
915 685
480 284
263 149
553 22
257 452
404 29
99 927
405 836
408 88
67 445
30 51
287 672
989 518
955 410
24 104
43 324
962 434
618 304
158 151
752 962
401 642
350 703
228 95
413 507
472 553
181 79
746 513
523 348
997 237
614 594
859 196
643 222
312 1
169 920
857 299
270 190
933 966
593 289
591 810
66 163
490 855
159 958
630 419
939 330
249 388
47 825
105 872
74 761
535 596
100 597
763 255
321 896
31 725
77 495
454 259
457 320
23 401
635 441
563 132
210 790
469 489
791 940
773 737
978 629
804 265
967 303
697 959
810 614
518 831
758 80
154 117
136 984
766 718
910 648
729 616
714 508
240 619
918 226
166 839
477 248
172 256
175 767
951 110
936 989
106 185
3 550
100 255
237 695
953 638
789 224
516 872
24 422
279 770
194 618
780 805
512 651
954 16
383 862
21 455
977 401
544 796
113 715
702 637
539 896
665 765
355 739
218 41
898 845
556 881
995 467
355 880
798 678
912 909
371 282
803 984
354 382
38 839
500 543
189 489
725 663
873 924
754 137
377 711
338 884
134 581
781 566
623 409
130 616
353 450
134 871
14 441
827 678
916 861
724 294
179 235
677 168
865 472
994 334
886 118
847 208
853 375
495 754
994 175
459 464
572 176
866 853
575 815
676 246
126 133
201 210
789 433
573 346
940 707
743 14
46 458
304 293
966 363
269 537
110 761
348 54
280 782
427 673
249 294
241 719
814 830
48 169
671 83
396 627
241 600
832 617
524 375
985 873
822 116
661 58
521 719
99 983
51 792
452 441
760 874
546 253
846 792
24 207
189 555
336 33
542 113
393 62
67 147
233 703
877 894
273 528
372 891
225 963
427 267
375 113
718 936
493 6
177 362
796 283
754 833
154 612
751 891
493 919
259 739
540 784
563 433
798 712
145 248
290 995
40 978
60 397
522 694
1000 644
348 501
610 863
830 840
463 865
212 423
842 649
895 930
53 689
352 546
5 574
330 31
486 426
526 496
430 453
16 265
605 585
204 658
61 247
136 690
197 471
294 615
300 992
838 96
197 120
288 716
698 703
520 200
131 774
945 366
451 485
839 590
554 714
611 567
704 243
299 213
466 26
709 110
286 305
684 884
245 654
771 980
374 861
234 288
849 261
668 991
249 115
63 775
873 399
641 17
932 560
275 271
115 460
261 288
561 794
533 404
595 583
926 189
591 234
198 788
808 1000
988 622
826 369
21 721
890 684
375 164
463 117
459 430
399 84
185 472
775 473
30 656
898 932
189 273
597 404
845 596
119 80
998 893
765 606
878 423
492 166
368 412
277 958
166 587
562 924
393 389
1 948
787 213
221 529
22 610
995 86
84 287
728 3
436 412
94 144
204 976
815 144
485 969
256 953
23 509
355 469
732 673
887 530
992 542
991 320
946 67
250 340
13 408
344 785
932 178
325 23
770 164
426 894
474 961
33 777
671 868
250 566
884 844
183 14
573 386
496 986
997 630
755 282
383 583
24 732
461 825
837 430
858 52
284 901
447 331
361 14
271 697
402 568
719 831
243 238
776 937
724 615
584 18
639 856
293 802
992 279
812 2
64 890
259 895
314 510
320 895
926 153
506 614
877 693
894 749
695 452
958 782
595 720
928 493
931 896
826 388
556 797
73 488
998 888
213 462
986 206
551 26
388 74
682 199
556 684
740 465
484 663
198 429
65 120
156 81
30 942
570 739
990 808
388 364
619 590
658 126
145 81
143 762
607 33
705 170
804 196
903 800
446 357
597 123
529 491
104 142
821 579
662 713
900 342
460 733
619 876
612 781
2 284
899 22
829 201
460 812
580 849
296 563
999 153
528 169
378 677
70 183
128 682
291 806
681 466
934 524
206 407
409 183
196 745
88 498
343 522
35 301
935 838
165 594
462 172
279 462
990 390
370 567
150 345
297 763
7 320
562 185
437 585
305 160
489 131
29 542
556 415
149 31
391 950
547 164
242 716
40 942
334 132
335 629
450 385
141 796
519 459
11 82
266 63
307 681
822 24
915 934
537 152
846 146
115 388
124 462
347 297
76 297
324 559
829 982
902 130
299 475
137 4
312 669
952 511
55 830
494 266
778 263
742 732
545 112
892 169
674 324
159 780
122 812
565 238
754 281
645 70
5 295
981 94
131 337
683 940
297 121
578 154
248 745
635 471
83 641
35 653
515 759
21 475
458 12
481 357
687 925
501 106
799 695
340 40
412 717
998 667
131 15
827 455
964 970
586 403
438 996
957 799
356 897
469 750
554 580
121 153
653 144
396 447
510 37
287 632
633 54
600 297
572 919
956 310
744 458
300 178
249 686
215 321
393 609
453 621
550 853
510 406
793 192
741 282
634 938
229 502
548 382
141 768
91 509
220 287
457 763
584 42
418 246
501 839
446 216
752 779
314 550
107 772
169 565
940 294
104 30
547 668
493 116
958 198
134 260
47 557
639 903
471 605
835 34
424 532
223 172
596 842
684 147
526 949
326 236
714 701
99 693
859 444
763 88
29 276
967 545
915 495
865 680
746 590
143 397
494 512
963 539
856 655
105 807
696 254
18 918
865 537
38 477
61 20
445 437
322 544
269 231
217 270
18 809
407 121
575 172
144 863
776 276
248 483
653 978
785 218
542 447
842 29
291 785
681 409
615 768
558 160
279 385
474 911
770 112
225 215
512 935
73 395
261 764
478 882
500 974
618 169
634 292
84 525
482 537
168 334
257 77
132 879
684 300
387 990
281 327
873 509
34 742
417 263
609 299
963 268
968 150
936 692
152 67
866 726
742 856
194 962
603 418
788 80
590 92
266 326
105 310
772 588
659 238
885 785
959 62
962 334
543 703
664 508
286 455
631 406
831 112
63 474
446 470
450 909
569 65
644 405
920 661
706 250
688 593
229 575
857 382
985 433
911 89
807 856
29 504
861 655
296 345
672 20
587 387
255 273
117 336
388 280
513 479
880 486
249 467
319 751
550 503
883 822
679 721
59 456
866 56
938 605
207 240
302 28
106 997
434 940
678 395
610 53
684 972
225 17
45 774
641 519
988 378
435 618
370 641
330 820
245 335
965 70
457 887
663 259
137 881
118 614
620 924
569 854
346 628
935 899
556 436
974 100
172 429
779 415
967 101
370 498
298 599
923 668
244 703
124 709
897 121
494 454
208 360
336 317
63 826
706 404
924 67
163 912
94 900
261 259
642 606
555 291
59 560
198 881
646 9
722 419
891 376
267 668
677 749
952 484
881 258
916 263
192 553
959 163
470 984
108 661
694 692
109 108
899 716
517 133
294 847
977 896
237 579
869 690
602 31
89 192
405 824
320 316
550 166
826 854
153 716
406 686
320 171
50 380
30 830
456 955
352 281
645 259
424 409
249 228
213 769
125 211
778 853
112 156
135 714
725 166
891 642
106 950
912 269
184 744
442 468
994 137
278 182
586 265
321 593
69 211
899 422
314 650
386 239
44 535
923 316
466 449
124 805
670 342
16 112
783 728
774 705
724 192
681 844
861 121
628 149
405 19
357 778
927 114
637 293
491 572
55 87
538 959
45 157
319 450
999 348
698 825
534 419
531 449
833 982
427 869
547 52
197 627
312 483
555 609
422 600
7 246
247 651
655 570
547 901
917 251
767 688
615 498
33 392
825 916
918 671
192 621
392 377
138 837
858 212
587 958
256 280
241 254
204 454
512 201
665 541
380 374
881 447
900 247
460 318
354 281
602 499
130 614
347 660
883 687
80 489
465 551
986 965
184 311
187 1000
464 999
761 993
286 908
251 481
758 400
781 359
16 55
349 165
259 69
835 790
69 294
235 66
933 397
990 182
258 151
4 407
614 578
575 984
905 676
729 424
454 371
93 209
40 451
442 347
336 810
387 694
540 400
447 974
625 520
396 440
736 331
718 591
430 237
295 650
296 764
245 263
118 575
299 820
361 282
642 83
957 618
715 673
628 495
461 960
244 496
780 884
567 28
239 191
618 291
962 726
361 197
256 87
590 982
284 637
113 757
958 997
461 179
47 718
176 301
741 972
750 267
536 61
419 38
811 133
852 705
981 573
566 361
110 21
238 206
510 851
795 649
831 95
450 934
470 429
864 760
811 419
578 426
173 902
688 438
104 317
820 147
70 534
350 841
313 471
743 821
563 435
857 146
86 236
983 574
57 986
242 486
388 406
282 945
878 747
290 848
744 651
610 204
922 752
852 881
244 993
886 80
598 452
800 395
88 141
308 914
737 800
314 723
350 269
727 837
981 437
276 305
131 776
280 590
316 276
19 959
404 951
153 113
172 315
157 649
504 411
875 892
457 811
955 36
996 664
447 704
931 15
860 127
474 686
127 680
901 939
443 377
337 158
435 973
185 802
58 16
633 412
461 897
718 103
924 738
45 391
525 957
506 977
755 30
686 624
888 846
398 376
313 160
497 131
481 774
656 978
289 159
73 800
566 169
148 298
643 841
695 640
267 239
743 968
155 355
375 452
89 235
973 431
91 483
445 246
985 33
625 262
71 92
511 789
277 813
460 469
494 701
106 689
912 516
63 38
490 528
108 487
362 652
833 6
255 481
331 465
297 193
735 824
226 441
637 890
636 659
235 10
480 607
438 660
927 784
639 173
500 13
488 717
418 776
831 876
816 443
101 399
317 706
563 662
608 829
606 728
81 979
923 750
926 707
502 367
253 181
842 498
182 115
440 526
827 394
168 541
64 606
285 378
399 502
661 15
936 514
591 322
243 240
81 253
395 902
292 757
38 631
573 836
32 988
428 501
638 826
823 668
502 617
564 540
780 753
786 626
697 990
745 787
318 431
449 268
86 987
829 545
562 860
526 963
431 261
142 968
823 559
371 895
170 497
303 731
764 457
213 445
105 732
942 440
967 228
824 14
455 16
973 595
624 715
277 833
424 267
353 443
498 644
852 971
139 800
805 507
633 732
351 865
840 770
731 975
92 631
365 581
169 490
317 802
325 215
435 427
273 324
679 756
519 867
244 985
616 684
602 963
741 538
948 747
788 768
32 645
14 540
145 659
279 456
250 584
223 9
400 879
365 905
921 131
353 833
816 423
580 557
676 243
400 766
516 708
842 199
301 818
103 362
784 276
968 497
202 358
964 5
103 507
31 366
767 592
257 293
77 156
372 488
465 186
17 881
527 439
492 661
932 586
521 545
320 814
262 961
253 300
897 358
694 652
81 507
523 236
125 978
988 592
863 580
688 316
872 41
104 179
982 178
493 31
104 279
703 205
651 622
925 323
583 875
553 684
816 570
312 894
442 949
702 15
423 538
526 249
108 408
553 317
579 593
13 875
58 884
790 557
957 52
282 892
209 948
451 863
433 504
507 715
830 909
852 205
520 270
499 760
266 699
398 680
348 787
653 648
235 272
549 333
992 806
738 278
650 916
742 374
101 630
597 593
343 665
35 88
272 262
456 483
510 186
862 687
186 212
461 878
797 611
85 962
158 790
470 516
841 912
35 41
935 586
153 438
722 108
733 214
309 315
99 843
478 950
137 618
764 623
410 702
362 663
778 229
764 990
376 519
531 551
327 568
932 622
312 367
220 648
972 436
42 696
115 354
43 129
355 691
158 618
708 245
379 297
147 159
76 335
593 51
223 392
423 250
6 422
495 489
30 296
512 39
397 539
659 312
919 890
132 344
631 396
704 995
217 848
924 412
253 49
313 357
976 483
98 21
542 278
329 443
269 434
565 616
541 138
648 773
208 780
374 185
156 100
145 253
721 775
402 228
239 715
141 752
982 299
568 459
805 290
843 115
222 396
960 309
51 100
628 874
221 300
437 799
666 587
246 129
283 393
502 319
36 839
623 781
689 555
430 59
838 468
966 25
568 664
157 303
809 210
827 786
918 79
939 992
634 264
323 531
654 629
503 929
107 376
221 144
352 97
975 59
145 444
84 664
158 739
586 230
642 52
554 136
421 847
500 968
11 975
49 144
652 488
768 706
72 207
479 690
633 306
906 880
979 794
525 730
478 328
842 558
805 698
461 116
564 795
33 341
882 450
133 722
923 976
232 147
488 61
489 260
107 853
394 379
845 95
369 366
351 991
502 514
198 779
750 292
626 846
842 915
293 621
534 549
226 576
651 891
769 660
717 246
368 568
722 588
17 756
455 158
255 573
937 308
69 219
83 900
28 3
798 555
770 716
260 190
658 25
492 71
809 899
723 581
482 237
959 589
339 844
486 557
13 179
325 865
986 557
38 334
39 995
667 410
406 482
982 529
71 274
255 113
939 814
192 169
908 823
898 810
566 321
272 17
974 603
572 132
844 609
496 767
524 871
412 981
1 486
221 67
151 376
50 877
857 587
396 321
366 691
183 11
758 901
742 318
486 248
34 473
520 740
98 976
620 557
629 767
741 719
392 658
620 700
253 37
572 703
286 386
59 852
82 233
577 791
542 771
944 62
485 146
24 584
310 839
516 918
133 822
797 335
949 180
959 463
321 431
289 201
454 653
407 555
823 524
437 497
21 754
544 577
512 941
494 365
920 836
939 160
635 881
824 160
843 844
200 730
186 917
873 565
496 192
830 37
812 976
619 690
583 791
948 176
400 390
117 641
1000 735
531 249
435 140
442 752
713 42
602 686
783 407
164 325
169 489
451 755
197 283
455 599
23 115
853 704
445 10
179 945
794 20
974 620
705 457
724 83
836 629
139 495
785 305
434 801
328 292
311 37
719 216
478 558
809 451
525 431
908 57
12 198
909 848
77 334
330 481
884 904
261 673
483 785
215 446
794 278
241 807
223 979
82 17
139 90
270 768
770 344
704 476
266 239
465 40
893 936
48 495
176 180
678 82
677 988
745 263
543 92
115 393
997 43
285 127
413 42
822 142
492 549
863 566
719 562
946 958
983 505
848 420
91 437
172 614
177 824
347 47
648 923
868 62
778 258
912 784
288 351
916 660
351 17
601 11
714 535
752 430
109 223
517 8
99 89
155 475
800 20
998 907
602 352
910 89
363 348
745 144
143 682
978 819
539 278
155 72
230 908
645 167
303 48
621 213
217 311
53 601
572 511
39 986
575 740
174 839
841 645
120 661
913 966
161 825
38 751
792 965
995 734
308 681
788 805
719 271
297 570
619 107
916 94
686 47
887 890
214 828
424 884
328 175
97 502
101 454
284 810
710 864
435 834
457 926
591 231
150 491
834 675
64 616
417 912
845 856
756 85
259 128
127 175
717 286
310 156
681 792
155 861
119 516
524 450
376 520
938 440
301 291
864 813
466 575
12 701
398 354
881 750
480 917
688 330
411 533
232 86
118 806
911 160
952 303
772 762
320 553
319 821
726 545
555 11
995 320
479 51
531 715
285 790
969 893
786 861
143 488
679 234
627 653
367 654
680 921
431 429
566 568
41 419
579 959
52 805
769 843
350 70
891 878
395 819
25 754
790 231
892 652
35 571
130 285
3 25
762 96
305 801
503 642
589 977
623 893
537 590
921 431
999 162
987 698
700 29
166 782
616 884
926 971
503 928
571 804
710 78
717 157
686 75
211 425
747 171
859 533
770 510
828 296
278 713
509 5
382 493
590 790
96 325
41 565
394 60
860 718
789 464
890 584
223 713
759 907
851 580
488 62
270 538
309 48
884 850
845 94
663 813
940 374
924 531
963 47
525 780
68 841
548 627
787 285
881 650
902 190
483 370
601 571
433 921
51 534
733 730
898 817
952 119
981 832
251 111
893 404
108 684
471 610
294 25
846 538
460 241
959 793
344 298
553 602
294 104
833 250
602 425
531 111
751 520
421 123
503 467
702 994
142 191
291 579
518 554
334 935
174 780
433 438
730 388
994 113
890 78
787 548
992 530
258 170
690 233
540 411
201 908
667 187
638 386
602 924
366 705
165 698
520 903
830 676
597 679
598 704
823 165
534 184
974 819
685 324
387 513
335 895
415 183
744 435
3 561
296 581
888 31
48 230
176 939
698 822
753 866
811 515
205 304
517 701
746 113
444 811
564 760
837 716
654 914
521 523
349 994
544 868
7 796
64 894
981 514
150 248
855 41
151 133
290 355
219 267
459 280
702 420
311 521
206 567
119 274
873 794
929 24
915 221
440 59
313 307
540 694
189 448
961 367
281 781
982 7
251 11
627 724
322 469
498 928
597 436
195 576
694 570
646 441
818 530
212 261
5 741
844 450
631 10
93 661
247 764
654 71
913 191
640 529
500 431
192 1000
230 624
730 408
878 528
737 652
779 867
887 706
320 76
799 620
726 708
107 148
787 576
681 69
719 389
518 816
83 479
505 433
966 102
801 545
945 345
158 542
784 985
861 197
403 958
849 645
905 879
653 249
70 341
642 74
649 978
537 971
277 229
595 86
577 551
119 876
432 82
180 784
629 891
728 117
979 868
680 787
391 946
448 748
340 938
640 908
344 481
628 5
242 712
387 795
814 662
599 644
585 334
125 29
436 728
384 51
974 88
116 832
362 704
399 325
257 340
779 235
450 191
931 436
113 863
441 928
560 410
499 23
856 769
747 844
329 903
937 704
973 130
837 521
433 929
769 723
590 437
43 978
122 953
259 650
62 221
464 700
397 296
738 232
184 331
496 237
243 808
890 309
125 181
948 149
875 106
518 611
917 614
562 563
122 10
341 364
914 244
763 271
714 857
878 556
5 598
984 511
178 10
680 984
164 201
663 241
408 571
407 823
671 538
128 650
662 971
240 686
746 744
287 146
110 787
715 607
783 729
793 825
222 637
923 394
102 151
710 982
605 36
182 287
129 304
187 119
28 861
694 378
676 977
556 383
24 280
82 498
361 57
292 553
188 650
104 725
216 943
286 11
713 317
920 193
6 122
160 566
488 195
877 599
16 682
381 264
788 440
420 753
405 1000
617 42
506 555
12 702
933 726
399 206
347 265
104 311
894 553
20 256
977 803
194 15
40 260
696 821
753 260
38 868
864 763
264 929
337 541
928 152
655 223
749 208
768 497
478 698
826 555
187 811
621 406
113 135
97 538
735 35
807 662
277 647
50 997
481 276
27 96
959 555
981 239
395 708
303 983
285 680
629 148
944 795
895 830
696 480
36 833
257 532
774 979
350 353
154 404
541 520
628 394
355 109
287 336
804 334
365 668
933 136
758 157
286 536
987 701
349 801
481 208
192 365
836 590
72 255
20 531
205 354
921 200
569 830
680 353
534 12
721 523
115 772
962 791
671 941
825 533
897 992
590 791
497 580
868 605
45 226
963 355
376 839
174 510
792 284
771 616
223 699
354 950
558 352
135 497
587 320
489 377
396 995
271 721
833 780
523 72
944 227
928 760
52 416
789 773
741 28
122 684
158 204
290 348
367 862
80 104
485 431
358 951
548 707
309 209
293 764
259 548
868 96
51 56
318 1
87 476
296 236
700 809
39 345
407 469
800 895
393 319
658 373
251 541
489 838
701 433
890 506
854 145
801 283
431 64
774 305
626 272
821 527
331 244
832 447
425 127
47 1
606 591
485 867
126 699
308 684
610 892
947 15
614 860
596 447
27 76
28 291
601 103
801 613
145 505
40 209
966 232
325 240
805 38
187 755
23 105
745 829
687 198
52 492
407 98
857 687
788 879
435 449
952 725
883 683
165 808
306 812
171 807
300 961
926 60
140 26
412 983
162 574
789 387
148 637
495 934
761 52
49 464
7 809
607 974
383 587
607 541
535 208
136 768
999 423
16 822
515 284
537 500
991 771
860 94
608 943
861 307
245 542
516 730
181 262
590 994
96 354
975 684
210 278
564 761
396 171
12 608
784 457
474 419
955 499
372 518
889 660
484 88
581 694
656 531
676 606
555 295
404 377
318 451
102 618
485 370
609 902
623 3
907 755
871 703
693 46
577 127
761 253
924 790
617 284
854 467
468 650
86 73
143 434
844 29
55 838
422 79
363 632
563 947
281 957
502 953
692 409
730 212
867 447
532 450
290 949
934 490
97 721
771 123
479 411
583 695
9 779
179 503
169 205
722 995
118 248
840 950
36 699
903 799
316 155
706 367
943 110
212 484
435 421
880 6
112 144
421 368
544 237
653 901
654 358
993 362
504 137
50 45
287 197
350 524
774 810
98 289
559 412
905 797
177 182
609 143
644 638
793 860
847 401
348 981
905 878
34 392
676 47
718 486
330 495
66 479
900 919
871 188
965 183
785 593
662 249
367 365
900 806
284 887
871 781
429 378
858 668
15 961
129 70
297 920
565 531
50 704
73 673
754 80
704 589
65 753
962 609
210 506
203 591
176 261
693 352
342 374
881 704
555 259
556 984
43 55
292 828
119 320
428 619
507 418
215 877
185 426
423 160
213 380
142 824
109 443
904 359
479 217
62 115
517 229
464 701
835 478
682 55
195 972
14 16
87 746
666 963
259 427
579 594
909 349
88 919
216 76
145 982
40 530
259 56
903 771
575 742
300 724
84 195
69 401
641 816
734 413
524 715
956 506
49 685
677 35
148 727
828 177
61 350
942 441
467 27
947 357
331 40
316 268
514 243
54 696
699 309
44 390
796 693
180 838
551 226
839 753
29 523
684 694
727 624
712 823
475 179
370 423
850 93
334 122
797 610
10 276
637 355
249 546
323 999
894 402
755 1000
516 842
45 270
360 352
505 889
55 341
295 202
632 204
301 565
472 713
396 847
881 531
882 300
850 782
273 633
55 635
337 882
746 478
986 97
920 783
483 169
526 527
303 785
270 201
477 924
592 903
167 323
664 864
318 245
762 682
928 8
677 387
904 921
883 977
592 165
497 295
136 459
514 736
492 94
863 121
479 352
100 619
601 113
658 67
454 38
733 465
22 954
944 796
541 406
670 810
909 466
796 859
965 843
163 916
89 760
329 169
990 150
373 176
871 401
909 180
352 501
80 932
541 809
946 194
103 120
197 243
839 580
699 337
295 682
499 503
101 407
286 315
604 338
403 280
864 399
901 774
150 282
618 146
619 375
267 90
532 843
806 909
515 432
439 888
208 498
261 520
392 761
854 921
447 349
848 342
351 279
864 237
387 850
851 473
300 433
20 80
8 952
280 189
615 417
29 798
341 540
604 150
209 250
228 162
446 249
985 617
74 776
9 18
110 74
220 542
765 141
389 7
854 325
838 830
820 861
364 689
773 161
886 554
741 253
356 349
319 811
184 38
739 788
57 48
703 177
545 51
618 923
32 490
469 11
535 984
682 124
166 37
317 455
999 687
212 739
855 587
14 89
511 785
539 394
433 603
14 456
570 696
238 554
973 653
134 801
653 783
727 55
957 121
210 542
144 176
678 317
183 753
938 582
649 521
176 609
31 941
537 552
991 735
614 526
282 85
653 66
231 90
37 493
225 133
28 736
729 533
417 619
514 187
978 460
373 438
631 603
438 114
591 40
278 747
907 217
345 874
516 883
633 467
559 575
525 763
803 489
552 679
517 699
148 178
427 909
64 961
138 72
512 341
305 489
879 451
828 899
722 378
831 300
184 580
85 586
204 103
789 792
557 332
734 613
502 621
237 784
851 832
156 282
782 450
910 695
582 944
180 400
601 902
323 392
184 194
445 165
104 377
217 62
859 507
956 535
721 510
329 690
781 412
322 323
493 746
910 464
354 80
227 450
744 696
31 722
912 612
285 766
927 984
938 792
136 274
523 878
140 330
88 43
326 37
57 752
5 624
84 31
15 937
876 83
574 377
365 867
370 847
595 378
705 462
874 463
602 894
141 338
913 761
48 222
766 320
659 902
438 175
809 457
926 656
124 512
362 925
89 835
291 411
88 422
116 172
281 145
998 6
909 559
920 376
584 165
200 174
936 738
974 94
987 209
220 672
877 170
789 828
702 503
849 97
798 938
176 405
588 931
12 875
140 506
552 816
347 348
902 132
975 854
9 251
526 560
285 158
103 955
17 544
882 122
609 786
26 798
208 917
297 78
303 366
506 358
972 517
863 358
721 329
170 465
498 962
62 195
263 856
565 232
89 39
950 946
294 950
796 44
937 370
490 965
878 720
19 381
943 412
359 741
805 411
458 54
16 955
673 992
351 833
616 494
925 527
35 512
494 827
443 807
939 730
935 325
62 543
394 563
116 780
515 923
348 888
306 823
46 243
841 297
51 795
438 873
330 302
296 850
488 762
819 350
516 390
274 793
261 881
474 548
681 722
813 469
851 222
31 40
824 574
280 900
873 267
157 450
150 356
270 739
901 963
962 723
798 341
124 266
4 584
97 890
702 689
977 502
63 889
357 412
341 519
333 388
937 768
759 593
302 914
894 732
419 646
822 151
613 60
119 295
485 393
252 388
347 440
424 907
506 364
906 367
649 455
959 230
178 537
694 625
420 558
332 274
460 802
514 846
182 992
517 105
350 186
886 792
377 376
584 970
182 915
221 695
203 404
114 553
52 727
37 5
630 140
244 639
740 580
452 524
680 807
221 345
6 350
260 907
616 601
391 419
197 464
329 168
749 547
828 86
206 422
411 414
557 555
438 885
442 376
316 273
779 651
671 649
892 988
594 996
439 85
318 798
944 345
927 416
287 1
434 631
42 836
997 684
618 147
818 465
112 756
581 250
194 570
871 852
874 72
267 170
345 702
860 235
292 591
668 982
334 198
543 502
106 353
345 559
154 928
150 724
964 232
159 398
931 481
354 662
581 609
289 33
346 50
294 306
367 856
138 602
433 926
225 248
270 315
533 383
960 937
213 307
548 860
864 665
134 629
651 605
490 891
531 3
678 886
181 646
284 177
782 176
812 895
280 797
507 937
643 507
950 789
672 409
910 135
273 194
990 81
187 644
374 298
508 984
198 4
762 249
165 837
518 843
377 231
912 182
138 758
179 966
861 254
609 141
974 903
611 971
81 564
334 358
103 159
32 740
274 865
546 414
796 766
672 948
201 380
607 684
426 667
813 29
172 427
176 942
504 299
197 776
432 706
73 314
275 594
457 603
276 505
558 275
82 440
694 211
846 14
205 446
241 694
682 468
529 648
15 653
555 392
663 989
561 831
46 961
747 724
287 569
418 312
439 658
315 928
526 682
945 553
454 641
203 899
4 688
260 346
736 848
302 821
433 954
827 925
270 279
471 658
61 658
635 885
566 453
751 843
368 288
205 393
902 955
291 620
428 822
624 625
472 254
492 129
242 303
208 712
616 213
564 93
324 460
252 513
921 808
773 823
832 413
833 116
725 78
230 996
634 156
170 687
686 461
580 48
148 846
592 396
100 691
908 832
16 328
786 356
770 865
314 549
244 806
211 151
306 129
932 221
112 368
184 861
267 310
182 391
686 23
905 876
416 442
742 184
250 597
470 642
315 785
471 876
872 948
771 900
96 34
233 143
196 5
269 915
788 321
920 377
224 838
133 628
614 119
889 596
736 702
746 183
466 547
31 341
676 670
132 700
12 667
464 228
719 649
812 477
834 677
390 143
342 372
551 832
720 324
557 431
869 109
184 762
963 1000
251 970
893 375
694 840
589 30
114 126
275 931
816 710
929 57
103 954
498 144
971 418
203 828
747 872
673 60
950 512
916 656
41 314
920 723
958 15
616 162
564 130
178 965
894 893
734 431
351 162
47 229
857 41
400 486
138 371
494 734
13 870
970 347
753 857
166 332
252 103
960 349
235 939
294 736
389 269
361 593
468 211
306 210
587 175
917 530
754 724
297 429
559 461
338 323
88 294
641 976
37 467
975 189
226 396
524 811
429 41
583 456
676 254
49 975
240 560
980 340
876 485
749 881
515 201
367 274
314 906
568 829
272 394
607 740
663 694
315 885
379 3
186 51
314 236
333 128
996 448
724 567
859 856
842 646
765 426
106 140
295 196
310 292
820 549
721 573
396 841
492 758
668 657
816 900
484 18
929 251
432 957
702 400
613 59
427 242
191 149
643 962
132 325
778 339
764 40
412 245
218 132
420 728
238 835
241 109
42 86
561 690
415 839
803 845
421 242
259 747
441 524
857 148
216 268
610 996
921 887
441 637
65 57
566 687
130 759
504 630
850 181
36 294
625 178
112 75
476 484
559 131
598 367
966 131
416 555
553 62
44 695
728 52
123 570
226 830
202 423
791 93
312 769
231 48
804 472
314 844
685 459
704 203
707 700
64 682
520 412
965 252
112 614
441 432
29 585
267 92
180 971
788 650
205 264
888 118
561 48
279 749
817 142
874 73
270 764
771 621
224 782
101 216
907 413
285 257
638 945
414 191
153 375
793 342
405 920
744 484
452 389
181 193
399 190
704 806
869 84
821 401
346 51
595 572
320 666
29 62
341 892
678 661
146 378
368 694
864 555
318 4
103 962
655 743
808 782
882 899
973 472
962 107
378 354
344 302
345 27
899 614
691 712
873 749
184 262
60 425
478 104
388 368
706 407
943 486
212 348
470 780
142 131
537 867
351 779
100 521
502 237
965 523
680 885
878 632
944 826
100 664
981 369
256 940
344 874
921 542
818 793
980 63
400 91
516 313
590 22
162 573
839 917
788 985
182 440
205 633
926 555
106 142
36 213
917 300
81 580
278 894
872 857
580 426
317 732
379 827
491 585
828 948
339 493
324 127
237 714
43 401
245 112
873 450
86 529
582 490
966 597
220 303
298 737
171 373
190 467
245 908
928 680
533 79
238 319
628 195
190 418
392 501
30 75
197 698
919 987
426 220
132 398
670 138
333 652
606 396
964 626
19 133
497 387
815 489
17 356
165 292
50 52
227 119
237 780
160 428
749 38
131 381
796 121
964 935
771 301
500 427
209 834
502 201
620 420
676 406
89 276
463 480
143 992
369 661
923 132
317 941
28 544
676 372
568 597
315 180
886 8
774 696
223 371
633 34
687 453
15 812
987 535
235 266
55 63
317 736
102 126
895 311
606 702
457 997
41 742
701 868
465 402
284 882
794 6
159 146
931 205
201 488
133 627
708 505
431 882
217 712
860 172
194 914
661 158
461 136
869 27
564 591
569 311
318 482
981 546
727 2
60 813
557 575
685 522
924 966
872 47
713 113
358 882
218 161
826 416
60 668
356 279
583 720
397 723
734 580
69 747
70 700
696 956
174 622
375 315
711 189
87 743
680 559
341 112
189 51
635 495
50 283
88 742
513 637
913 40
456 80
153 979
575 624
546 906
763 496
749 701
93 185
331 620
26 242
210 887
783 660
628 673
315 208
387 703
170 821
38 85
380 698
178 360
714 438
453 162
225 195
245 256
12 231
305 107
876 486
89 24
486 380
172 477
618 189
310 119
926 286
543 143
751 488
515 486
488 806
813 66
661 65
93 543
3 811
320 913
997 300
513 74
846 246
320 768
321 505
963 54
345 499
863 529
699 976
613 58
975 903
137 479
671 414
489 588
630 855
591 727
67 44
63 430
428 729
385 778
544 765
564 240
322 231
655 219
514 989
705 92
290 905
97 685
799 505
367 661
489 104
912 640
456 796
540 920
429 567
808 382
14 499
696 134
669 685
691 397
359 267
532 731
221 294
849 172
524 539
445 318
304 702
486 650
472 324
267 854
558 974
726 512
31 970
987 768
549 9
791 92
832 19
886 474
706 628
637 960
999 217
946 39
438 932
308 572
127 994
239 548
679 779
900 564
687 268
780 418
547 441
286 431
517 320
72 791
325 809
300 313
390 377
729 687
456 5
831 350
662 53
458 804
49 138
654 665
326 702
442 535
242 701
689 122
780 791
530 958
676 832
116 980
572 657
262 97
240 788
309 394
862 830
497 858
651 915
566 34
417 121
915 998
698 474
717 398
954 832
294 417
793 454
938 400
546 744
256 296
419 676
742 946
526 639
48 650
324 623
329 835
716 345
111 353
997 320
20 146
484 789
149 934
366 273
578 393
565 189
161 719
131 499
186 874
227 90
372 749
640 667
436 502
293 427
832 435
796 22
523 758
748 895
877 157
403 596
189 123
869 969
49 520
70 934
4 568
199 838
293 141
961 883
877 447
638 741
157 979
875 162
213 599
816 715
628 618
106 892
736 411
516 457
115 966
371 368
153 165
245 343
712 660
620 773
228 492
993 20
555 974
248 84
193 853
323 642
324 233
235 446
680 321
611 683
405 104
653 434
106 417
396 605
642 133
148 206
156 190
940 930
745 270
980 611
711 993
12 397
482 986
162 510
695 136
57 268
831 472
959 279
962 537
409 655
360 443
267 857
471 473
642 935
803 712
362 632
682 539
773 480
651 420
195 408
363 810
788 227
882 194
385 592
66 407
837 890
199 337
864 712
247 69
123 91
711 442
217 914
750 36
220 771
665 954
156 45
668 367
962 76
545 220
199 119
277 985
39 55
601 165
416 775
346 584
114 540
575 377
961 61
86 414
656 424
735 103
919 380
723 615
944 840
338 571
601 71
197 372
568 376
329 260
221 366
956 999
846 656
193 501
801 758
365 719
956 86
452 720
174 15
191 983
729 340
892 800
174 569
900 637
301 504
606 925
462 181
62 979
157 729
452 907
145 549
789 276
628 364
115 851
996 712
44 301
742 476
944 355
410 387
358 469
15 860
70 473
104 623
102 974
620 527
823 938
555 712
572 746
422 961
993 923
478 989
104 766
357 20
105 75
380 859
589 425
223 767
902 462
651 74
634 782
581 773
363 1000
822 425
169 695
647 414
299 52
101 96
765 473
548 545
91 715
849 102
975 930
86 911
218 63
54 425
720 213
939 117
354 463
885 977
543 639
19 51
152 885
481 944
7 690
583 723
580 139
164 675
757 748
706 58
816 550
958 578
217 31
417 760
317 12
892 384
42 37
715 185
492 118
44 943
830 858
388 329
463 919
88 923
643 301
369 598
151 250
300 720
541 398
725 209
729 150
433 497
676 395
514 570
236 386
37 255
663 159
277 576
687 21
434 925
473 577
936 103
424 155
301 331
377 157
585 832
629 407
426 940
334 301
795 301
836 599
490 23
575 545
611 517
150 131
889 298
465 723
414 276
922 395
612 845
758 967
542 528
305 251
876 630
793 94
615 659
241 598
889 630
618 92
820 688
312 391
383 868
544 818
466 624
837 655
694 8
16 687
224 578
127 117
466 515
843 607
381 500
276 768
426 149
100 76
428 587
269 85
938 264
77 876
501 608
781 878
584 640
12 921
443 922
75 279
755 473
527 495
119 351
56 456
208 771
905 163
963 629
658 413
715 212
420 952
576 574
316 889
616 303
963 514
565 378
970 490
38 458
368 6
897 625
522 527
890 197
783 420
515 589
183 852
960 443
691 61
307 948
435 379
74 25
734 781
546 943
598 476
128 764
535 485
960 159
704 47
503 1000
140 115
14 556
23 806
887 935
432 305
716 325
306 470
703 50
701 703
196 441
750 768
126 62
861 441
955 60
484 868
908 334
123 172
271 574
1 46
704 491
872 541
815 627
450 431
590 447
42 925
362 867
942 105
673 973
68 913
620 742
755 569
201 492
205 104
225 682
959 323
599 824
267 909
876 405
494 126
223 580
78 377
65 558
392 426
817 511
618 741
621 706
659 349
753 330
492 506
742 514
359 874
160 164
679 55
954 530
137 867
264 117
436 320
828 269
367 680
260 22
879 600
29 463
226 112
436 503
113 166
501 279
464 690
315 573
456 904
143 744
646 481
339 853
654 28
40 214
352 728
848 573
61 160
961 882
411 337
196 985
434 978
861 985
934 911
884 622
687 205
176 613
325 140
54 602
588 518
888 728
482 953
493 825
358 204
71 553
149 815
261 805
374 634
729 537
748 339
969 10
400 569
810 826
826 419
328 237
127 743
228 526
504 302
983 942
756 100
333 245
885 440
98 858
7 20
466 790
988 951
368 776
241 542
320 939
281 475
185 183
793 304
119 458
391 763
640 141
523 248
871 680
106 660
56 819
350 565
707 956
886 667
224 771
708 859
437 363
773 129
958 135
640 346
619 612
796 341
778 760
765 632
159 931
477 624
773 931
118 322
464 613
838 587
485 817
89 120
347 19
807 708
743 714
670 580
605 741
786 510
973 685
247 904
514 599
986 520
588 836
717 680
853 344
321 703
50 87
610 127
495 739
689 628
692 585
452 726
642 290
933 353
737 864
738 155
558 886
995 568
415 115
842 173
408 451
157 728
681 607
152 429
676 84
241 847
203 624
233 227
466 421
658 730
702 959
414 475
396 578
898 229
550 807
903 13
390 96
881 921
276 15
115 481
845 143
918 549
759 585
309 114
853 295
7 911
907 645
765 329
488 395
879 193
247 443
855 211
828 78
434 951
554 325
937 603
384 629
843 583
645 159
108 754
109 759
769 582
97 647
920 726
647 605
389 893
742 677
755 147
248 320
94 308
9 810
85 31
252 544
733 642
325 913
456 960
905 497
389 672
918 186
691 32
909 425
198 48
643 325
37 254
383 338
430 330
310 598
895 145
793 737
952 461
62 658
572 75
993 506
206 505
762 297
241 922
560 530
438 143
901 813
352 204
617 720
634 734
298 124
780 158
715 947
55 434
955 128
645 964
957 978
329 772
64 623
564 346
727 508
504 358
396 614
261 625
326 739
77 295
354 940
480 735
262 123
634 322
86 607
529 708
841 762
751 347
772 828
635 754
483 609
671 378
656 705
821 265
256 223
185 741
96 414
284 741
787 262
453 774
57 37
169 547
663 887
866 756
63 91
122 517
198 694
751 942
812 600
826 467
720 178
996 7
411 667
657 679
986 29
218 131
330 601
755 472
691 601
575 866
377 546
469 114
492 327
273 815
915 392
493 908
350 815
522 810
890 480
526 818
108 357
697 320
222 485
403 717
540 922
277 3
309 588
381 936
311 561
574 233
999 612
47 107
959 845
948 486
930 825
936 294
493 575
981 346
305 713
680 811
407 325
249 20
876 151
455 532
741 799
481 121
304 414
1000 843
909 175
474 994
573 258
431 67
136 923
68 478
433 79
491 977
241 902
854 861
809 500
405 481
524 89
965 249
624 437
771 944
443 340
993 224
763 986
486 167
465 508
417 428
533 854
1 45
2 798
522 769
85 863
820 742
736 61
718 253
612 576
224 769
201 698
780 992
964 69
432 894
306 740
276 199
479 600
501 944
906 90
390 187
142 552
881 562
237 294
510 666
848 325
3 918
686 350
251 774
124 8
606 984
521 875
788 201
155 604
692 365
932 733
986 78
760 919
531 918
574 984
265 494
38 21
994 695
84 435
420 883
674 517
454 869
296 323
339 743
621 5
662 585
865 563
493 658
942 681
265 601
322 538
694 115
416 731
109 962
771 323
725 136
304 604
451 799
857 768
490 315
158 102
478 280
409 311
875 164
953 946
155 204
364 423
465 632
407 885
72 934
349 390
634 308
429 110
529 832
969 9
442 139
315 395
712 741
238 501
44 218
694 292
141 668
624 175
733 194
647 150
392 666
524 163
391 980
379 538
115 4
86 647
893 13
824 620
932 607
257 321
242 897
479 956
426 328
693 278
968 779
971 604
25 633
58 583
812 388
194 175
289 193
989 828
494 138
765 277
731 493
806 505
844 132
467 747
693 89
803 953
664 337
576 237
61 799
122 799
713 900
856 737
656 906
669 881
564 89
621 88
514 818
301 444
350 118
960 710
784 532
252 908
688 804
468 84
454 99
113 419
278 221
875 243
947 158
161 789
199 693
41 815
994 159
235 225
334 727
678 641
690 23
68 391
124 827
714 401
733 403
111 547
292 207
221 191
116 395
617 618
580 572
799 280
362 119
864 477
883 427
3 389
27 539
875 831
767 869
325 274
560 288
461 978
558 448
583 443
29 526
232 422
504 331
644 608
451 196
237 683
152 645
612 905
854 986
655 671
614 434
735 506
148 83
152 22
216 841
807 767
125 135
950 472
312 348
898 575
994 840
371 827
120 505
401 811
324 643
237 862
717 84
134 132
82 589
545 291
266 260
86 909
473 376
533 322
671 788
268 797
17 539
551 162
316 625
778 266
462 819
319 878
433 811
105 534
777 114
619 761
910 438
913 370
531 63
860 817
934 8
493 824
406 721
317 10
501 349
800 44
360 627
808 487
695 993
296 283
98 155
74 623
946 333
654 42
602 283
288 367
606 291
862 201
227 370
688 960
528 629
529 460
400 248
852 214
818 994
732 636
144 253
700 386
443 939
524 848
727 955
619 210
784 941
692 558
966 69
629 765
594 217
335 30
177 212
529 895
70 281
571 260
519 604
222 612
409 9
853 974
926 296
106 84
481 701
168 591
50 615
840 193
310 229
58 2
28 714
423 408
480 720
926 403
530 1000
488 187
819 865
859 860
723 337
685 824
784 358
484 143
980 788
792 2
759 556
871 889
910 598
480 712
275 477
377 967
284 277
604 942
863 675
853 19
591 720
61 613
726 377
907 561
412 241
677 683
478 290
716 391
927 134
521 183
403 351
597 373
749 90
363 419
575 735
558 640
246 508
619 626
835 561
326 324
844 257
350 78
710 478
251 391
622 762
33 374
169 408
153 515
464 844
583 245
732 721
442 878
918 378
97 878
739 267
460 792
482 800
391 414
451 691
892 763
783 580
219 703
176 714
984 337
948 692
1 401
719 235
153 206
904 562
524 971
980 261
430 802
624 295
292 775
684 513
957 531
279 523
927 431
713 23
162 759
275 972
629 139
611 688
304 76
837 446
110 528
993 848
577 913
530 957
451 156
613 488
758 707
457 668
702 598
371 834
281 622
618 449
177 525
502 520
520 857
999 842
688 159
622 376
623 863
881 642
698 328
555 321
350 607
247 461
963 932
397 566
932 873
717 237
873 951
69 910
551 106
990 542
960 989
557 661
16 488
454 971
222 311
4 910
351 81
479 428
560 720
963 595
982 477
716 137
576 540
248 701
523 747
247 817
674 629
542 110
613 737
610 887
592 278
443 644
958 293
71 372
53 665
50 238
203 260
65 315
66 532
231 370
966 227
771 467
19 662
191 163
187 264
781 54
231 195
583 366
642 348
644 754
575 794
581 345
638 394
433 25
571 479
746 749
776 537
533 558
391 347
598 728
984 732
306 504
315 394
733 653
567 969
126 88
625 879
55 68
572 850
669 467
980 511
728 592
237 710
552 286
665 33
980 622
711 994
875 624
821 174
162 509
401 851
993 92
727 744
632 155
225 603
635 716
263 281
158 113
896 138
474 426
186 358
150 757
580 106
842 813
238 434
510 695
370 90
276 629
211 886
566 188
366 470
8 696
302 830
416 205
273 724
695 585
627 303
789 516
919 693
958 133
541 99
392 166
450 996
332 448
482 309
312 924
542 343
319 730
924 134
336 178
566 585
881 25
165 288
761 579
84 464
151 957
333 891
105 996
566 875
448 26
321 780
805 619
164 334
700 264
856 54
970 2
603 817
193 635
66 747
174 401
785 159
948 765
932 218
951 302
679 895
576 36
192 317
581 317
839 629
328 301
59 207
206 274
942 134
448 966
470 647
509 227
131 731
353 863
572 828
379 731
395 94
720 765
483 873
229 373
853 779
267 152
596 667
736 99
456 175
902 306
488 832
451 84
768 818
438 370
224 714
8 999
524 471
945 878
308 767
432 775
508 242
94 879
257 401
822 135
566 700
275 448
428 610
160 768
968 951
12 384
830 285
595 760
190 188
213 261
765 312
158 414
355 316
335 223
96 348
168 697
411 814
428 640
530 472
604 745
94 427
856 726
854 97
65 441
833 186
190 873
657 884
70 707
397 433
899 819
522 534
542 291
584 803
190 677
330 999
807 635
187 594
912 469
531 397
282 245
692 952
161 816
201 995
484 133
266 673
619 213
654 500
940 252
788 814
226 236
994 52
701 807
945 381
378 572
415 81
45 510
594 924
44 381
542 644
576 607
84 765
250 741
548 140
880 628
920 299
712 909
8 615
850 786
422 992
560 193
284 961
350 719
346 262
96 289
777 576
872 706
690 975
16 674
923 304
114 189
392 433
792 66
878 203
881 741
54 281
536 8
699 980
426 144
871 754
450 10
233 682
539 744
405 722
941 896
265 103
506 277
272 198
259 577
811 412
318 252
90 327
700 908
848 167
808 431
506 503
89 5
550 138
894 513
937 343
406 754
209 748
121 741
677 285
255 353
479 361
49 992
66 926
196 849
791 890
888 993
26 304
563 203
909 459
986 718
515 876
558 978
117 98
819 482
54 637
6 752
580 669
984 338
141 259
14 563
753 555
991 625
650 815
390 738
379 933
602 816
76 963
383 705
576 411
499 508
678 685
687 505
466 15
234 115
922 28
550 899
520 754
68 254
162 359
471 211
737 249
405 193
707 961
635 277
620 594
168 699
227 133
171 268
923 829
67 463
765 188
582 530
555 418
348 444
225 687
724 711
871 560
108 880
674 860
635 513
281 542
341 918
773 281
242 125
296 719
284 378
824 287
665 561
731 304
541 935
683 181
190 967
861 431
164 742
535 977
827 227
36 568
337 598
863 53
710 424
412 363
770 629
113 308
442 738
540 111
445 493
691 493
621 148
504 658
918 179
151 63
889 292
616 556
88 849
862 17
535 405
953 734
889 405
961 992
247 711
288 630
71 405
387 362
351 677
210 827
139 509
783 712
438 811
130 24
277 359
775 680
926 556
322 988
292 804
849 545
758 915
199 34
638 357
148 347
702 902
993 770
45 173
375 682
508 265
442 885
613 442
850 28
116 594
30 146
430 648
470 949
788 282
890 896
907 444
102 768
984 793
860 372
993 605
8 603
650 406
79 551
971 7
214 591
354 692
800 582
246 60
939 13
355 834
446 111
982 173
218 214
881 318
661 456
61 684
851 822
242 323
782 231
882 819
886 811
812 970
467 459
400 496
113 327
48 461
616 362
674 662
624 853
351 874
288 436
109 932
350 406
758 51
795 39
726 733
680 997
349 198
838 355
244 812
343 835
282 851
952 761
849 867
775 639
176 659
853 583
842 168
274 812
101 583
176 866
547 373
901 822
573 441
81 923
334 503
653 321
892 687
867 853
746 46
504 333
177 281
257 385
833 930
742 50
524 321
323 896
771 680
663 910
426 411
462 373
294 402
828 958
578 521
198 830
453 815
661 266
185 65
648 679
521 447
594 287
82 587
600 948
750 490
842 977
920 827
902 895
262 734
466 726
656 789
623 883
320 630
428 641
378 308
431 290
604 746
207 715
28 46
191 418
449 7
584 582
161 651
604 665
364 918
330 770
887 490
342 933
201 567
601 54
679 700
748 835
53 687
166 326
776 150
512 52
248 613
725 221
692 778
179 249
198 55
457 511
832 157
226 164
652 392
583 160
326 139
843 319
202 397
865 347
574 445
11 609
107 504
698 685
511 362
991 540
867 514
150 327
590 614
910 659
757 511
686 53
379 111
788 691
175 560
131 566
387 576
600 216
662 157
176 108
556 263
785 855
2 603
340 703
851 434
821 278
381 287
128 493
113 737
185 236
993 645
635 612
48 558
51 663
840 496
828 817
43 11
686 723
949 99
237 209
67 535
854 416
939 315
184 222
652 921
65 785
427 406
377 551
623 338
868 171
178 995
806 225
136 499
378 42
901 794
701 134
333 770
93 842
412 695
431 149
369 630
929 772
487 162
331 446
649 533
652 880
157 970
144 219
509 471
573 174
743 322
174 75
1000 846
415 423
579 530
10 591
173 241
605 337
419 49
718 439
278 852
500 940
434 622
842 371
732 111
132 973
486 346
569 950
479 679
326 706
337 27
889 534
251 573
299 227
561 81
367 240
793 457
206 694
372 602
156 415
350 656
603 46
21 739
440 737
599 26
655 868
342 33
592 972
973 321
722 579
337 743
195 705
215 642
834 56
82 821
714 14
825 299
735 360
246 119
207 643
327 945
100 977
781 624
639 652
342 882
144 906
914 162
994 404
98 65
445 492
672 400
252 986
127 222
583 65
853 320
796 242
676 463
288 536
880 98
735 812
900 759
282 42
156 519
984 384
309 492
861 838
245 417
541 660
783 715
823 270
684 592
975 115
339 149
298 895
150 756
439 182
171 572
832 786
546 512
33 947
489 145
202 566
245 290
784 708
805 754
295 420
595 162
483 732
637 291
743 464
451 122
718 220
702 737
261 485
102 769
656 765
380 931
966 990
989 535
404 403
632 268
120 480
764 793
33 511
471 325
111 162
339 925
377 780
360 94
574 665
132 372
462 939
138 805
982 162
358 840
548 744
553 898
612 443
905 29
247 64
450 994
967 843
882 929
367 603
575 390
8 408
949 381
790 819
882 816
83 941
139 975
212 271
821 947
326 371
695 926
847 951
388 338
609 920
360 681
948 298
783 408
934 860
39 952
69 157
904 911
71 491
884 283
631 723
49 265
356 915
42 932
553 137
866 832
560 667
161 399
76 949
684 564
261 773
818 174
237 156
657 689
126 235
272 278
236 607
675 686
810 794
280 769
465 379
62 935
357 829
684 346
847 190
760 16
428 24
704 137
445 491
417 361
699 127
663 536
760 127
618 101
176 208
341 762
747 395
54 17
935 696
651 65
507 351
163 955
403 136
439 606
902 82
100 454
962 489
927 933
713 617
789 836
403 249
955 548
835 318
284 268
955 661
707 468
890 396
696 803
739 711
55 780
294 204
947 658
904 192
7 25
274 24
77 677
764 481
934 15
955 992
467 486
22 548
709 953
912 440
288 354
307 446
536 648
888 967
670 823
620 390
487 185
143 605
383 120
224 479
97 839
451 300
61 228
78 172
706 763
47 433
923 352
779 534
568 631
823 449
787 727
674 524
382 2
590 615
817 72
511 506
893 527
832 811
634 192
29 466
234 29
842 348
456 495
112 625
484 181
371 220
278 824
543 228
124 572
489 105
132 862
698 895
1 197
332 529
629 805
315 293
44 157
465 496
837 360
803 472
774 331
480 723
620 767
803 425
419 592
737 445
190 493
506 974
250 1
548 499
65 581
185 590
426 158
299 420
391 588
12 918
566 277
939 229
259 720
578 46
709 872
416 981
145 233
294 970
79 608
501 318
377 256
458 195
903 969
9 731
356 742
303 985
711 44
587 98
94 54
387 82
705 243
255 65
112 209
494 991
706 735
161 206
913 927
629 453
583 276
473 721
311 241
59 152
222 948
600 356
193 722
729 512
69 47
555 984
168 496
370 252
120 9
671 774
474 512
59 102
810 978
278 708
372 231
923 529
618 155
266 820
174 405
604 474
950 202
73 262
555 646
628 464
96 225
43 426
480 256
978 3
435 984
954 104
662 297
43 315
836 116
590 63
622 540
703 740
524 409
498 127
380 15
825 878
642 588
275 397
632 352
181 123
95 645
332 249
833 548
655 871
927 514
152 294
717 234
206 593
446 448
927 659
933 978
436 222
990 541
132 183
726 11
477 615
350 783
497 361
902 614
799 974
14 382
673 366
851 651
342 883
532 423
434 838
723 736
463 933
356 523
123 256
377 170
537 868
910 764
666 512
244 564
26 483
834 330
639 493
238 674
705 223
979 424
122 443
123 622
14 755
342 716
584 339
353 229
463 104
416 165
391 372
926 899
712 523
947 420
272 156
387 765
796 583
641 642
864 309
239 439
131 736
353 816
617 515
46 269
339 261
486 244
488 744
970 673
311 24
305 22
900 820
559 364
184 976
606 596
935 518
862 994
297 938
318 540
465 56
33 668
200 187
163 817
811 909
480 667
610 74
929 346
547 919
613 154
831 343
637 4
492 565
722 258
547 757
622 283
533 298
916 422
385 682
835 206
471 682
679 65
789 513
42 390
740 113
707 392
570 912
242 321
482 304
1000 301
764 443
749 142
492 249
317 482
725 485
799 930
708 757
807 707
283 47
622 710
1 786
628 775
353 883
412 760
273 166
173 389
206 202
2 239
495 750
913 347
897 634
809 278
404 542
374 552
582 13
196 728
550 751
990 486
776 568
7 288
447 553
174 243
432 510
509 224
291 53
651 277
944 281
463 275
231 855
125 304
16 780
857 35
538 897
560 841
23 587
266 204
358 350
529 578
55 474
831 405
867 51
267 234
361 219
803 396
698 186
238 371
702 642
150 549
779 151
234 313
604 160
441 350
55 760
60 966
465 198
341 987
256 359
1000 343
564 453
777 148
75 960
485 45
570 965
865 947
38 887
891 131
85 312
86 99
878 511
916 664
406 634
632 741
209 628
28 40
958 579
913 374
821 869
234 961
678 950
844 394
42 156
104 493
469 187
199 998
991 90
44 933
207 491
544 37
882 567
114 909
260 777
652 521
594 742
973 989
44 715
188 407
912 359
179 872
985 906
537 638
453 384
847 345
575 974
301 484
50 199
18 173
770 204
757 76
813 298
980 237
323 546
965 127
641 601
201 194
241 925
2 21
872 777
300 786
282 261
339 332
792 38
783 947
127 725
257 193
349 379
996 746
244 87
816 368
764 670
690 281
23 40
694 369
785 555
36 379
246 401
258 685
307 358
978 175
836 17
590 32
760 779
466 618
677 996
309 32
739 695
422 705
793 499
764 863
247 372
911 263
772 607
721 113
647 265
927 553
713 661
471 765
347 435
708 204
320 549
82 956
998 758
151 592
986 426
804 814
446 186
277 938
702 69
621 395
420 934
331 197
488 470
647 973
925 683
32 166
731 612
900 511
459 793
740 766
787 935
662 529
688 992
804 738
754 609
956 933
743 495
171 887
446 835
577 297
5 960
49 336
782 648
514 314
143 854
936 216
187 439
443 56
505 743
107 375
932 108
607 546
140 42
314 967
607 497
980 368
819 562
508 625
382 398
2 872
789 600
944 289
694 349
343 289
275 577
883 276
497 625
282 676
427 778
708 425
603 661
487 582
285 973
729 963
758 656
533 51
772 797
609 661
329 978
30 754
684 65
137 258
746 262
290 480
293 911
132 515
43 216
893 326
955 623
544 562
621 700
94 554
731 388
226 708
243 606
222 544
299 272
13 738
711 463
158 469
789 292
890 414
781 541
29 344
714 704
713 915
735 362
937 295
705 771
423 576
255 523
928 46
801 272
268 934
627 994
978 860
900 677
566 627
364 111
369 903
705 45
977 704
398 928
554 858
962 789
856 94
17 188
572 298
22 207
102 409
931 669
145 272
607 352
387 367
335 45
525 45
909 206
178 344
589 890
457 151
650 974
898 54
434 641
842 258
606 827
352 26
483 992
279 555
463 318
690 334
675 510
144 374
516 726
168 636
318 946
444 729
231 643
185 991
349 724
475 245
560 829
813 165
7 114
984 877
239 5
422 559
629 796
524 303
952 855
661 130
111 63
873 228
676 577
921 776
539 951
21 660
833 662
941 547
377 786
836 271
513 804
648 541
746 468
873 774
238 537
843 746
56 168
755 486
848 68
612 421
543 529
568 195
52 92
705 894
941 854
527 45
778 920
471 907
706 64
286 656
587 463
38 389
477 763
761 560
613 575
744 674
585 738
639 563
621 228
307 420
454 213
368 150
107 243
415 714
571 672
627 796
97 825
922 826
672 301
749 721
342 620
95 483
819 479
433 168
552 162
770 233
109 707
916 65
757 119
210 794
373 382
175 424
32 682
418 719
478 539
749 900
383 666
370 551
477 321
818 319
541 578
914 874
607 651
205 375
500 789
11 2
709 167
286 136
509 961
2 707
478 986
278 636
500 644
234 360
572 592
849 189
465 180
690 551
958 906
660 243
953 367
688 204
262 947
330 191
104 899
693 373
713 623
346 64
733 628
684 152
17 909
678 634
879 207
347 342
590 278
617 340
502 758
372 696
270 392
247 316
441 654
462 820
471 281
583 712
285 773
478 464
380 389
351 4
611 986
160 81
161 648
270 26
751 743
735 162
187 904
932 790
721 464
711 181
363 331
675 708
832 498
425 956
415 449
147 555
991 490
79 684
283 443
396 250
87 989
308 542
491 481
580 790
600 108
672 329
127 97
58 600
888 679
887 555
999 173
74 206
794 199
983 665
992 820
390 661
663 344
120 94
85 980
693 661
16 873
173 234
494 382
438 48
77 336
884 96
598 693
36 459
974 17
298 542
673 570
154 227
360 363
916 138
977 492
138 54
211 980
57 446
654 556
977 125
233 797
950 296
439 171
574 708
800 641
752 650
374 65
722 602
426 47
375 64
531 896
363 548
401 347
402 52
523 484
787 91
875 865
621 394
531 94
717 951
151 817
769 518
9 840
642 2
786 112
71 254
536 631
845 521
743 520
209 881
981 243
195 802
917 859
420 133
4 324
460 646
905 535
28 322
568 311
695 875
970 247
633 791
151 388
853 282
987 792
879 798
287 953
123 676
577 540
774 862
442 415
447 898
124 781
620 138
417 747
828 479
421 543
667 859
390 742
225 231
723 96
427 623
620 936
625 838
573 510
154 860
590 867
452 232
751 276
958 337
341 688
673 617
59 695
445 722
689 348
708 72
487 807
399 129
901 719
573 930
958 944
379 195
110 81
223 466
983 436
731 391
322 456
848 89
119 178
928 321
359 867
12 948
125 541
976 445
939 195
119 35
160 42
180 165
199 139
811 269
460 373
139 932
817 956
178 898
397 356
177 866
385 360
28 317
425 107
227 467
490 515
236 35
682 389
5 752
43 581
134 796
28 311
692 862
969 759
507 528
400 182
735 920
222 229
938 698
994 83
335 270
502 277
863 720
684 813
353 251
904 757
28 469
706 351
474 849
880 244
199 604
764 983
957 336
425 551
379 980
898 126
131 853
667 807
483 914
689 803
598 733
183 25
594 864
336 624
79 216
541 947
466 239
802 629
611 723
67 369
159 161
556 315
877 449
650 688
176 60
369 727
135 440
817 161
379 528
125 12
168 667
354 878
63 810
335 529
341 596
547 921
718 82
774 160
850 826
281 589
820 998
569 290
509 655
835 35
985 594
952 261
664 441
775 415
320 767
640 418
414 973
237 150
535 787
864 704
241 263
393 246
88 762
285 800
434 474
330 667
147 963
60 608
256 729
866 424
428 959
397 392
550 214
746 690
611 452
403 523
278 501
406 702
43 528
728 296
451 963
178 825
126 707
622 708
127 366
678 422
221 757
97 975
114 615
279 21
139 686
891 805
13 201
296 67
460 718
535 437
540 365
652 375
265 857
287 284
144 38
257 985
644 723
757 118
406 250
361 669
804 25
254 464
770 153
954 448
495 974
392 975
120 980
653 236
323 729
508 587
970 880
534 81
298 319
867 712
962 800
724 839
953 547
326 623
149 46
863 725
375 650
980 536
417 366
860 54
989 342
110 804
926 441
716 981
509 945
20 940
116 853
300 364
157 277
703 830
331 893
198 818
294 552
829 884
336 55
834 810
428 607
584 285
233 689
676 155
848 402
761 919
423 852
139 142
503 42
712 417
15 62
20 480
58 265
375 492
15 175
218 345
455 84
613 880
513 594
787 175
455 485
317 4
468 912
292 173
161 632
668 655
442 823
339 677
505 141
885 303
839 16
432 78
114 907
62 443
523 903
1000 952
911 564
45 668
926 831
808 623
50 114
732 634
913 944
382 454
64 442
467 39
984 379
162 523
255 140
495 173
166 695
724 133
275 841
22 470
336 937
561 288
167 636
701 516
191 526
928 924
802 957
505 555
551 730
92 29
755 839
332 524
480 359
978 26
528 213
361 36
72 81
555 556
883 171
426 488
466 985
662 499
223 731
654 829
229 118
565 748
567 306
608 321
592 710
261 331
48 264
86 816
570 133
366 32
367 841
730 975
489 458
418 489
661 411
955 690
958 247
32 363
105 619
986 228
345 148
598 286
857 87
958 70
730 225
363 520
255 526
437 733
791 546
684 413
133 308
216 278
44 876
53 493
551 418
293 446
631 80
388 390
635 21
816 15
88 976
251 300
915 367
192 958
829 171
878 618
520 44
672 487
268 466
415 653
257 615
614 655
830 600
300 579
945 434
653 961
710 276
719 320
41 873
387 373
799 440
32 612
753 558
511 266
386 167
684 44
842 236
495 774
442 254
975 8
768 546
418 871
546 619
12 275
710 702
180 989
362 984
915 674
456 157
183 218
8 838
560 787
263 162
11 77
594 718
785 678
550 870
372 384
489 625
746 245
766 240
181 166
314 377
279 965
338 400
713 597
586 685
632 355
688 149
526 725
698 413
751 90
596 173
459 362
234 722
179 832
365 124
186 529
834 901
7 605
86 62
158 475
809 577
592 845
632 688
726 14
109 8
221 974
683 825
795 899
578 49
853 249
981 948
189 1
675 838
360 689
442 474
606 338
183 551
109 287
333 802
378 957
820 276
182 741
331 449
443 779
170 577
120 620
725 145
583 215
197 296
400 198
24 882
226 360
83 465
753 633
365 883
849 890
956 58
225 32
575 768
687 186
582 36
418 681
356 136
301 28
801 956
469 806
771 248
580 547
430 947
851 781
242 583
991 886
701 871
908 362
646 690
195 212
626 560
93 557
777 562
579 378
105 231
271 824
149 348
37 580
927 973
659 419
732 315
172 746
419 762
223 135
981 532
229 799
506 628
693 128
252 80
21 515
740 237
483 156
782 462
582 940
416 92
255 992
511 586
259 527
192 570
318 46
770 29
949 456
590 650
403 300
317 398
318 185
621 448
824 30
826 756
152 923
748 965
52 892
755 684
725 83
981 57
88 904
224 592
774 534
729 742
313 761
297 156
924 303
853 511
69 416
821 593
383 64
166 430
672 303
605 415
454 501
188 193
300 523
796 896
46 227
235 230
474 818
291 216
312 516
338 229
264 258
487 452
666 935
71 517
187 8
43 432
836 907
715 574
591 99
137 924
616 969
767 984
721 590
974 136
315 285
304 10
747 510
533 151
625 926
183 258
594 103
759 803
595 834
506 78
1000 263
271 751
312 500
827 279
267 892
492 645
328 894
452 455
823 752
773 459
480 920
265 252
357 334
677 815
588 510
200 519
953 79
795 700
554 221
311 918
721 308
312 927
131 421
792 489
207 726
759 389
264 26
493 817
43 750
227 413
448 350
527 176
929 641
252 568
491 272
725 119
763 172
126 764
95 291
297 250
785 83
736 655
348 733
934 892
832 146
210 730
173 486
145 333
933 444
614 627
697 857
115 536
999 60
432 270
503 941
862 268
774 658
206 368
687 483
927 432
171 632
153 21
49 100
966 745
779 254
811 552
249 95
758 591
998 222
391 900
290 249
110 494
715 824
903 105
644 893
822 794
250 961
487 940
293 775
20 65
24 4
279 928
449 521
592 711
704 826
647 501
484 5
233 771
161 110
533 510
458 696
521 478
243 470
816 782
897 451
20 278
202 392
668 394
688 456
986 476
470 434
126 509
735 482
590 483
830 434
489 852
290 927
455 59
882 997
222 322
521 9
5 504
354 202
962 360
420 929
23 260
227 441
445 82
265 724
195 919
274 282
402 359
494 641
957 247
706 313
9 735
140 439
930 817
400 332
308 589
537 829
352 565
353 364
45 622
393 70
838 437
677 121
625 312
577 445
545 735
770 828
365 654
884 642
206 434
61 373
583 272
741 872
560 566
205 684
921 75
101 491
185 271
362 985
275 578
152 183
206 110
447 320
931 143
453 575
625 934
384 90
192 573
718 606
618 441
450 471
968 136
851 597
889 650
626 41
125 840
452 392
976 770
851 706
502 530
559 298
270 404
402 884
459 365
665 650
596 922
13 654
488 459
146 369
646 162
480 831
428 285
700 831
95 935
869 652
854 48
506 418
311 847
277 971
320 290
48 881
617 260
549 671
107 766
139 823
957 27
995 984
669 647
670 736
801 631
674 767
370 360
874 933
558 897
649 119
861 976
623 817
26 129
248 273
182 516
255 246
165 730
439 495
595 365
852 388
512 887
361 679
822 596
624 235
146 78
322 377
477 201
542 695
10 620
447 561
35 179
182 294
239 435
408 287
279 548
227 847
253 758
101 271
659 855
112 780
812 207
957 786
465 60
599 753
413 820
125 10
517 686
498 444
82 451
29 836
836 84
141 886
627 105
423 76
208 443
728 445
160 908
471 320
826 177
558 303
685 650
541 269
618 703
379 225
342 471
661 353
739 577
975 833
501 702
726 329
907 737
85 787
584 370
177 780
539 726
544 704
377 625
325 753
604 540
769 625
185 835
26 702
522 795
407 271
797 131
948 17
825 330
496 240
539 500
778 624
818 517
213 61
587 448
19 364
368 58
352 927
722 981
924 441
1 790
164 486
58 865
2 416
496 478
524 582
716 712
268 260
508 897
269 93
142 277
681 37
644 959
98 465
226 154
838 509
70 11
640 782
127 78
402 589
321 551
128 701
109 704
168 174
448 72
117 213
616 812
722 130
253 917
469 840
111 555
990 490
645 821
111 664
258 898
317 757
309 645
555 693
846 340
157 497
968 482
915 733
954 189
223 617
721 734
296 279
86 584
824 673
807 488
864 162
348 654
738 839
225 632
615 399
858 384
34 94
399 330
224 688
545 330
928 574
466 533
87 199
829 882
604 962
329 944
642 675
536 162
590 277
848 404
631 443
213 270
765 305
159 872
53 245
165 491
4 815
847 258
117 930
467 655
458 502
481 575
776 213
999 661
673 441
53 407
402 241
60 501
540 911
928 105
415 629
861 709
682 456
502 177
433 414
217 263
715 361
365 391
558 590
47 463
766 941
857 983
749 289
274 729
576 889
245 66
432 320
74 122
3 186
810 566
992 851
1000 856
827 793
211 18
678 699
616 776
451 509
123 776
107 399
788 932
71 744
240 556
684 533
353 771
797 850
634 372
693 865
250 637
628 330
166 919
978 393
742 502
598 906
16 876
662 151
920 306
258 681
921 31
188 554
476 118
217 930
452 247
471 181
884 875
609 284
997 925
465 4
907 109
690 631
310 876
868 654
480 583
483 616
963 146
75 742
72 305
200 326
574 632
298 831
426 264
337 979
85 304
820 984
124 509
108 922
270 441
164 900
200 469
276 778
995 402
546 120
216 587
986 115
473 348
272 977
937 557
388 211
321 272
194 30
782 391
161 335
333 585
506 399
751 663
259 727
441 536
201 580
313 598
887 452
503 479
341 416
812 799
942 666
946 361
911 741
815 121
966 255
948 414
880 124
103 93
538 414
429 863
749 662
36 967
329 91
628 537
222 814
500 148
943 778
658 998
382 208
296 827
975 101
122 893
912 101
220 138
334 110
97 433
614 382
768 548
589 692
220 57
832 699
175 835
567 221
257 82
483 678
617 853
764 557
924 119
328 985
405 827
335 574
907 393
267 822
569 666
396 914
935 383
498 488
669 399
245 813
928 759
860 286
589 248
371 763
906 210
712 285
51 958
42 284
812 296
636 420
837 907
18 293
551 141
146 918
851 803
265 388
673 7
450 920
924 176
541 506
838 970
308 413
237 465
844 127
421 154
805 410
448 360
399 295
805 356
16 514
757 603
957 169
647 813
924 86
563 270
195 882
386 837
633 726
830 792
451 889
165 999
203 316
960 401
853 330
122 452
141 126
344 205
456 656
199 712
292 510
921 490
762 148
301 376
31 261
13 388
951 107
383 396
188 174
512 840
144 874
988 325
559 382
482 574
780 121
384 362
774 603
724 814
407 594
46 278
148 510
513 92
914 770
262 286
634 543
33 550
569 980
567 33
456 187
498 298
63 966
584 183
233 47
682 748
464 245
194 898
158 121
471 466
710 152
898 592
376 592
731 198
973 61
396 810
636 345
252 82
659 274
164 988
458 753
803 979
109 456
592 942
720 115
796 312
727 122
70 573
967 833
952 102
220 790
4 987
575 396
62 209
742 695
532 465
46 862
113 376
478 48
264 326
416 641
952 819
866 137
294 870
444 87
463 821
320 45
999 935
395 573
268 261
323 624
14 289
370 927
406 415
389 707
857 875
307 326
153 876
939 893
156 609
286 560
883 660
615 885
984 273
148 544
365 998
446 51
6 578
984 640
949 690
842 290
147 79
816 329
390 316
136 811
125 459
93 877
849 407
371 119
128 572
963 411
638 27
237 674
951 234
248 908
353 561
955 79
677 600
806 854
438 330
96 285
298 713
685 971
337 101
817 339
881 608
788 436
534 656
186 258
100 460
392 413
708 131
906 461
76 341
514 135
963 998
760 722
824 367
178 612
471 724
937 480
156 332
449 510
412 230
785 418
535 816
147 115
955 792
191 346
484 720
568 227
571 369
489 894
938 61
647 599
961 500
28 37
748 916
223 930
327 27
679 326
192 806
913 250
950 831
622 993
477 844
946 609
504 982
286 882
586 316
439 304
675 3
559 703
644 587
438 968
330 193
149 651
645 630
334 649
980 123
446 827
586 30
804 425
662 987
165 657
719 286
685 474
903 423
304 379
802 726
231 912
857 609
783 777
853 147
19 948
866 721
228 746
689 872
655 397
582 268
875 786
847 152
408 199
599 715
345 684
453 601
276 70
251 534
668 887
172 134
647 135
220 666
648 763
669 347
449 696
525 791
475 844
648 122
65 968
854 328
108 554
200 549
988 518
789 723
759 325
150 919
138 999
359 891
475 618
192 612
9 914
247 6
433 846
839 322
308 442
869 743
999 696
691 763
857 231
933 794
682 26
482 100
193 255
898 734
882 709
226 97
869 985
356 748
819 204
348 524
147 587
45 620
959 680
486 646
32 921
896 942
933 461
511 209
41 221
118 989
943 164
947 289
865 376
224 758
304 392
847 425
523 68
192 381
728 863
32 726
343 734
148 472
663 267
847 94
280 720
172 294
557 295
180 809
658 649
309 587
20 658
883 853
573 506
595 30
923 535
90 602
963 339
690 649
334 825
186 472
25 862
390 38
141 848
33 892
561 781
145 367
567 275
474 78
517 585
546 42
83 448
17 952
432 549
164 776
570 791
741 238
156 180
907 596
268 990
507 232
806 346
220 819
703 166
796 324
776 508
766 616
540 833
322 334
70 752
307 222
36 544
569 410
757 128
31 751
679 415
60 301
79 755
852 817
265 583
305 658
789 261
765 828
269 801
259 97
608 571
245 136
869 846
69 358
179 822
182 619
535 429
294 549
939 784
870 516
407 798
102 402
286 725
692 632
107 40
828 8
534 222
718 619
757 15
366 430
630 651
516 588
442 145
593 859
373 391
763 771
214 885
801 18
940 775
176 92
520 310
954 599
766 49
396 593
56 642
54 925
384 137
883 247
765 231
271 136
789 87
413 163
500 579
431 579
802 53
108 844
930 842
896 50
254 598
402 711
96 592
669 259
964 321
181 89
185 414
7 557
330 564
989 931
369 26
27 508
190 24
855 798
143 386
844 13
82 945
816 566
226 849
568 183
986 842
195 595
631 100
818 515
782 158
161 592
237 325
496 65
207 541
616 338
748 855
991 509
170 657
815 67
606 220
273 152
258 236
41 132
795 63
558 654
192 104
14 721
236 289
68 131
86 230
717 997
213 639
676 377
549 245
174 575
274 917
404 548
939 909
525 76
303 610
163 407
184 986
594 945
261 782
634 350
853 560
989 176
827 221
760 168
392 834
562 162
606 683
188 512
132 960
214 512
305 292
890 340
439 945
766 188
915 588
219 43
426 387
746 200
983 165
731 180
237 963
55 758
169 675
385 494
738 820
677 147
414 883
452 450
201 439
593 363
313 124
497 239
231 541
483 300
66 348
104 23
980 984
246 605
66 463
963 871
13 724
640 386
548 779
666 408
920 690
316 523
190 52
318 201
123 115
307 888
700 993
557 724
601 796
677 415
207 418
423 673
812 934
173 688
967 74
494 744
575 641
36 765
193 131
108 26
914 229
443 711
316 79
535 261
852 850
395 600
343 870
87 984
273 132
827 573
855 517
666 757
494 970
705 153
923 206
16 418
948 555
92 725
519 944
334 654
376 384
14 604
254 353
188 855
4 312
979 68
632 257
838 249
202 663
684 535
645 791
228 747
508 949
872 272
414 256
512 607
949 518
290 133
704 411
27 940
880 764
609 274
572 642
81 153
766 216
661 84
864 832
955 379
99 973
948 652
767 696
247 370
