1000 9902
158 193
613 231
753 457
517 902
721 107
6 405
446 92
953 264
584 317
663 251
751 947
623 23
69 912
216 508
640 366
364 716
990 552
169 970
864 87
812 612
464 762
462 789
892 218
964 703
851 757
786 843
648 824
943 355
393 387
216 282
188 870
984 360
81 468
892 440
360 601
658 32
574 148
5 647
908 984
909 369
216 56
605 546
166 410
500 496
853 436
572 284
187 528
652 420
891 606
766 606
532 974
645 617
867 473
960 85
124 778
344 954
571 461
383 379
455 926
249 771
583 587
641 703
754 972
573 392
483 970
317 714
286 299
470 708
897 838
182 200
384 319
491 524
940 796
962 868
138 354
672 790
547 130
915 678
510 39
348 151
977 289
188 712
892 989
157 439
413 813
287 788
666 47
888 243
268 245
581 816
929 439
713 456
983 577
552 586
129 783
918 521
354 822
81 22
45 499
86 737
566 449
973 23
901 714
663 831
9 322
853 571
836 273
201 153
915 866
665 655
975 878
651 876
638 748
137 164
241 170
596 788
96 795
156 181
88 739
882 949
95 928
744 942
873 590
195 598
217 50
180 162
915 433
356 419
748 989
342 906
60 447
347 849
887 347
5 887
506 242
658 151
273 179
809 1
577 493
814 498
227 692
544 210
908 851
502 366
69 345
732 655
74 33
239 873
280 506
801 870
795 451
83 469
448 214
977 371
549 208
664 947
150 101
7 476
304 437
250 465
220 249
738 378
524 993
892 993
286 500
420 378
775 816
541 910
11 911
619 434
36 298
789 372
817 107
72 30
558 290
987 340
822 452
498 443
145 152
9 412
483 597
154 607
671 150
927 824
693 531
651 938
10 62
100 593
733 618
510 701
591 636
685 647
946 905
266 279
360 70
696 672
937 730
864 598
8 674
261 16
290 736
539 683
170 90
906 470
321 222
375 7
755 413
294 43
153 262
207 766
373 738
299 643
119 2
891 109
123 455
864 144
374 430
226 964
703 298
501 334
526 241
78 130
857 222
86 312
749 24
507 981
644 132
592 349
540 981
47 71
913 173
154 315
464 895
545 954
268 263
253 735
967 391
236 403
143 577
592 537
264 639
174 523
526 386
515 943
633 978
151 459
819 293
714 53
862 389
509 264
951 337
383 307
296 757
98 673
656 21
250 612
641 743
440 992
832 886
889 779
286 355
469 951
550 960
520 691
393 639
46 675
691 108
257 408
717 399
833 953
620 659
971 791
882 422
438 328
354 783
258 842
157 272
142 636
332 858
742 789
871 627
767 674
479 810
647 694
337 773
87 177
860 631
555 131
773 344
650 149
946 828
907 526
971 138
713 883
878 23
40 719
682 770
494 284
412 23
251 57
587 643
135 713
990 732
60 513
177 957
501 433
598 1
363 432
271 333
683 43
791 650
255 784
977 608
339 109
544 461
874 972
160 454
408 616
455 369
717 542
631 656
158 377
65 479
653 758
123 705
188 387
351 945
250 196
358 220
179 192
143 933
438 607
476 390
993 276
135 533
733 298
883 709
745 740
650 779
31 853
966 432
14 605
589 939
165 671
634 506
837 173
705 855
692 672
966 451
755 556
221 152
168 284
187 40
318 786
743 55
429 427
33 898
430 892
235 484
874 475
903 327
547 233
768 714
847 154
704 412
667 512
193 683
690 739
393 397
241 577
958 700
51 960
275 264
43 356
284 586
424 861
962 453
502 522
327 693
59 14
996 164
579 84
765 353
911 189
53 165
608 420
203 888
275 87
703 63
461 384
52 99
934 321
113 75
220 809
204 102
242 305
152 569
281 987
639 770
61 793
532 292
969 797
817 906
668 944
783 149
576 523
102 69
445 110
247 806
568 479
640 572
144 209
806 105
311 517
782 966
51 120
415 763
880 480
218 715
19 534
921 610
26 262
559 144
676 476
397 173
145 412
681 98
75 421
351 570
192 81
446 636
856 248
309 774
914 488
457 19
719 335
187 342
940 616
813 758
706 582
637 978
33 844
319 523
141 313
733 447
553 201
777 425
719 252
221 526
712 614
719 933
277 186
478 725
597 513
908 492
569 844
288 945
110 684
241 669
724 900
374 821
713 237
989 360
239 377
756 21
99 778
137 553
580 347
462 588
272 628
802 787
422 570
318 763
30 207
323 67
544 486
94 898
275 292
827 339
8 937
210 435
301 520
160 612
731 255
492 713
698 492
937 876
902 18
674 85
158 290
641 458
165 479
773 144
133 505
150 945
450 919
717 883
898 911
204 138
612 31
812 585
763 764
104 270
215 522
697 511
644 274
807 838
921 947
721 385
136 9
467 569
801 297
161 586
806 58
810 201
938 898
44 981
250 26
550 63
933 141
607 58
165 19
796 155
729 168
930 849
164 349
849 165
249 83
50 420
254 936
405 911
754 700
154 454
623 557
692 634
328 429
737 855
886 304
173 187
102 355
583 496
735 565
576 66
940 739
637 615
706 697
724 712
876 934
667 938
519 85
615 48
690 329
999 465
490 227
698 844
887 379
6 903
819 900
99 806
315 357
922 868
915 562
254 890
664 882
703 691
82 315
803 361
825 801
73 516
883 23
441 40
6 48
228 224
615 500
284 690
608 270
111 181
759 745
389 473
217 700
199 438
403 85
492 467
402 999
76 18
692 452
285 826
731 278
15 81
169 769
85 466
18 38
518 731
960 675
209 657
800 28
13 993
394 869
277 860
938 870
813 890
834 311
602 267
945 628
179 118
64 182
800 250
473 966
758 9
62 528
799 601
433 336
141 159
454 494
535 435
499 755
745 783
743 300
11 639
127 987
331 718
795 351
45 852
338 222
940 535
378 559
490 37
185 689
804 595
151 344
79 21
210 932
453 320
383 643
442 179
373 409
690 365
471 926
396 736
455 209
519 274
6 867
98 896
449 774
918 980
723 380
137 609
831 800
881 916
73 599
2 589
206 981
615 395
379 419
125 155
272 715
916 108
20 25
548 739
747 672
472 622
812 348
9 153
707 78
928 417
267 593
882 24
960 882
461 411
246 595
542 412
191 246
564 380
975 26
217 847
843 655
906 459
282 661
462 831
565 86
390 138
472 827
866 471
207 733
423 944
696 10
218 466
431 482
904 119
415 625
80 806
706 854
184 461
961 235
726 789
230 56
359 276
14 401
56 496
36 713
58 769
905 508
31 566
947 89
170 472
508 442
535 358
791 984
301 300
31 967
1 528
478 476
482 899
376 386
469 225
253 964
591 17
879 880
936 228
280 584
957 658
796 528
374 524
233 424
89 908
823 329
419 31
903 305
335 147
248 43
121 291
177 81
490 168
456 24
262 330
638 171
583 574
917 486
42 992
722 126
689 79
11 39
529 550
285 269
32 792
819 877
181 332
662 501
738 871
722 160
704 699
394 135
507 370
897 431
403 175
441 96
393 965
232 59
750 285
509 689
220 516
259 940
40 273
8 748
765 352
273 760
181 927
453 922
792 669
130 818
422 42
247 3
341 74
824 671
492 170
517 55
575 449
576 225
431 441
839 460
18 110
626 283
425 112
759 21
892 442
469 359
726 419
130 711
961 247
946 357
729 83
878 620
593 908
920 414
32 924
187 760
249 39
657 504
624 117
596 251
214 898
585 878
32 634
676 179
53 988
148 628
558 187
151 355
482 534
658 629
606 839
845 693
704 219
872 877
129 892
562 153
585 72
313 15
698 937
702 913
337 375
543 195
546 613
712 837
585 473
215 370
272 810
953 605
993 876
647 161
944 424
543 80
357 205
343 430
3 938
85 723
759 573
972 621
628 255
152 90
741 440
137 266
717 447
60 902
523 202
59 585
712 257
967 571
769 334
163 715
557 487
94 588
39 501
793 390
946 709
194 126
431 383
180 61
56 3
648 839
70 612
896 570
345 107
74 619
401 201
934 509
57 927
187 856
207 661
283 714
673 357
751 548
443 547
133 419
852 973
919 840
952 795
126 318
331 374
374 548
88 33
212 249
948 463
491 108
218 684
2 401
19 565
924 368
606 118
738 22
173 297
925 858
492 391
352 308
740 847
176 738
896 683
804 492
774 716
666 461
556 824
250 590
269 760
650 181
371 238
262 387
210 998
547 211
145 955
789 370
594 234
336 518
615 128
366 291
876 684
662 339
612 922
280 973
38 885
671 3
488 848
312 478
707 823
599 893
129 873
93 600
335 655
432 998
768 64
91 187
73 916
242 5
24 240
690 797
855 53
696 674
863 606
227 195
816 715
568 224
30 341
993 499
860 540
682 812
649 445
208 923
897 788
708 984
503 204
336 629
668 382
687 706
322 318
285 938
696 111
259 275
980 402
781 394
963 698
655 401
437 896
498 686
178 816
787 886
718 910
386 805
448 22
786 450
662 721
644 932
41 137
117 446
501 31
49 694
841 338
89 661
697 982
239 655
735 778
791 36
98 349
654 484
748 391
291 222
37 302
330 312
666 932
640 641
774 680
791 266
56 734
547 382
254 42
37 512
538 103
429 470
267 7
71 801
404 244
193 947
124 641
50 540
180 915
271 580
756 78
408 30
780 974
784 393
54 239
664 847
573 769
871 540
306 980
982 307
115 412
206 837
765 490
355 283
306 935
471 355
509 684
479 788
315 991
233 698
911 347
90 85
150 911
13 721
603 145
17 534
569 33
716 400
967 386
676 873
357 14
568 231
159 996
311 797
425 138
812 530
230 855
411 939
855 940
895 579
622 905
830 250
243 196
74 876
87 759
202 215
493 700
511 893
173 574
936 731
584 815
52 717
880 454
700 689
128 310
190 631
601 428
622 602
904 805
555 418
687 26
417 854
774 874
331 540
671 381
620 158
896 740
179 992
753 571
239 528
719 282
858 404
940 533
904 515
173 130
587 894
213 641
841 168
345 639
641 186
897 898
851 3
634 369
181 225
656 115
288 919
216 770
332 692
627 903
999 280
286 349
91 295
918 774
318 626
91 340
920 166
243 17
741 306
713 465
197 576
825 751
138 134
573 805
371 885
119 531
889 752
8 526
984 460
280 291
686 623
3 85
590 203
302 787
817 605
871 742
655 789
786 932
364 696
733 705
882 129
392 155
601 931
48 621
267 717
531 904
164 871
346 846
99 394
905 67
172 710
565 169
14 161
423 245
881 76
322 773
317 432
874 927
982 450
204 434
471 843
153 748
110 904
778 565
30 990
434 255
576 956
710 459
182 784
899 168
943 787
523 984
818 808
783 474
932 845
969 317
36 972
167 240
334 745
28 632
505 381
399 823
273 391
775 914
584 496
140 832
489 162
383 602
976 700
663 372
353 659
873 324
768 680
243 124
823 371
822 398
418 64
349 632
722 242
409 643
928 669
432 876
314 256
759 918
532 327
414 831
346 145
163 637
78 328
885 888
357 319
30 495
849 720
792 154
596 928
9 208
32 287
68 565
364 668
402 897
664 562
51 472
62 50
377 607
638 610
859 371
588 147
590 449
65 202
545 192
817 859
947 724
41 353
721 391
460 365
27 306
545 177
895 539
113 343
204 874
302 550
777 262
338 692
134 645
670 603
679 129
939 630
395 532
677 182
515 807
19 564
903 692
66 231
963 655
752 72
258 183
187 263
938 565
886 391
500 326
469 717
573 199
297 468
631 625
154 119
73 367
214 943
602 873
698 616
722 833
31 504
137 792
447 575
987 538
384 367
274 847
114 731
429 375
704 391
14 821
278 766
872 985
517 439
698 829
640 628
202 908
314 194
371 15
889 590
478 109
765 227
968 91
271 656
419 389
497 997
635 731
409 671
998 363
536 517
967 760
110 283
402 688
129 872
112 992
217 173
168 786
815 836
341 973
731 221
492 559
59 600
371 730
122 732
817 532
546 74
267 567
21 524
680 747
707 485
893 466
731 507
42 396
351 410
578 330
65 805
86 93
74 573
16 721
846 587
797 157
621 441
159 912
481 328
769 996
365 379
902 568
743 874
563 448
156 954
982 266
674 571
629 81
204 910
410 752
36 753
340 190
736 779
32 988
221 717
312 599
193 340
451 856
88 62
469 399
421 441
554 807
520 235
648 416
815 60
504 814
288 575
473 629
383 478
558 790
839 987
474 829
650 792
326 21
581 288
69 92
107 409
58 687
592 737
258 445
546 712
858 854
72 863
325 371
241 888
897 765
371 205
614 315
372 178
634 717
836 769
92 49
760 27
957 991
104 607
525 699
617 50
79 255
133 610
244 283
513 204
154 702
690 988
360 391
432 820
217 514
732 359
738 816
850 790
579 492
350 325
726 397
821 439
750 263
200 447
997 214
66 344
750 502
648 546
498 783
48 301
160 140
677 697
894 945
195 430
510 958
303 379
216 403
787 70
324 714
679 236
347 591
352 260
227 53
855 943
368 461
189 209
221 672
8 157
463 871
9 676
566 832
553 423
790 564
792 829
80 767
706 351
943 30
292 428
629 325
701 88
761 309
970 43
917 544
511 137
921 421
169 328
627 381
192 231
926 950
283 720
654 449
701 826
340 662
275 849
757 451
718 611
979 57
373 458
121 289
969 243
509 154
223 924
44 257
392 866
48 196
61 666
603 530
414 407
322 77
471 194
515 328
699 39
607 726
718 580
414 38
150 620
817 225
893 86
215 78
298 662
372 475
983 69
966 797
293 913
574 610
928 592
447 152
996 779
927 898
599 256
553 805
132 416
705 610
850 653
797 434
618 753
301 707
730 983
698 297
332 95
958 255
242 337
678 812
263 651
696 970
618 915
83 153
274 115
139 947
691 766
52 908
736 981
740 273
999 516
657 835
808 433
972 380
539 291
447 643
117 339
834 381
286 960
268 379
280 878
517 376
231 380
503 763
396 151
469 583
127 191
580 883
597 955
871 300
485 737
672 733
488 698
486 997
35 271
679 826
847 436
465 670
762 348
28 744
379 944
268 191
233 918
515 134
310 262
520 528
745 487
675 460
275 986
662 218
132 945
719 31
860 86
962 864
840 156
604 429
660 495
327 217
475 227
958 716
488 886
361 8
470 954
879 330
517 691
150 520
618 416
341 583
675 187
351 215
233 67
647 65
561 768
961 39
820 523
566 51
345 429
474 75
720 367
884 402
211 872
983 478
696 648
843 619
30 824
712 402
934 273
419 804
204 54
502 823
285 851
802 383
142 964
694 689
577 778
902 962
463 883
30 537
725 12
274 87
307 440
350 250
761 689
152 903
377 696
837 415
716 191
39 682
999 552
814 754
183 575
293 43
867 138
173 517
526 59
291 966
623 713
790 508
256 899
739 452
558 904
64 220
317 806
394 943
122 462
801 761
805 209
900 763
443 880
596 170
193 617
503 844
362 352
474 806
1 606
473 649
662 789
866 944
706 937
638 436
620 231
59 177
996 886
340 718
506 991
292 809
25 114
387 631
337 448
447 296
767 278
84 715
340 573
380 610
490 238
612 821
653 907
309 210
528 134
768 693
827 402
745 253
731 193
855 352
12 446
784 431
950 92
581 499
383 863
134 105
466 921
161 205
234 397
56 997
688 218
63 162
767 650
437 89
72 359
388 883
337 797
446 137
858 201
954 740
848 431
649 338
13 683
413 369
347 501
920 859
833 398
83 859
603 138
85 297
527 390
584 712
796 421
87 636
751 725
592 194
269 372
145 174
635 469
230 907
340 191
362 330
308 669
368 128
667 478
502 223
503 562
628 953
169 450
577 461
959 751
28 387
875 224
640 773
878 917
681 447
404 690
41 792
443 924
840 536
18 632
360 236
150 5
118 649
675 678
253 905
951 429
419 100
917 749
330 393
222 635
940 706
371 415
451 407
604 375
951 450
590 646
242 528
996 761
983 379
49 112
878 748
253 240
589 630
384 251
666 193
135 6
138 294
234 207
641 389
37 864
115 64
759 827
517 835
725 489
855 260
915 595
20 949
579 350
64 817
381 736
534 682
59 758
393 942
52 373
314 424
560 384
328 143
618 666
530 552
214 193
433 800
960 885
668 446
801 27
910 359
164 845
338 63
926 580
706 152
617 467
588 212
937 468
212 704
507 772
616 982
420 949
293 385
683 889
388 427
339 575
274 302
812 818
317 140
653 754
529 300
805 439
49 583
680 831
95 440
231 834
286 647
737 803
330 203
900 691
334 659
117 1
101 652
784 924
757 81
595 298
830 647
35 227
537 357
504 408
642 56
183 88
77 501
89 125
201 297
241 756
817 97
186 95
685 7
558 660
681 992
152 210
6 221
689 477
263 198
837 749
627 185
388 533
135 264
907 499
105 167
696 638
513 88
625 908
404 351
189 735
225 782
937 242
18 312
401 448
938 249
96 652
171 218
890 542
542 511
123 165
695 647
676 662
887 191
393 309
272 596
105 32
345 12
860 885
890 496
708 673
342 867
865 694
248 688
999 519
213 254
251 295
238 547
832 296
506 228
88 72
274 677
758 453
939 669
944 769
667 422
226 202
455 631
376 306
969 291
880 194
17 10
352 299
120 823
874 480
333 43
288 727
951 356
791 223
135 739
780 76
585 252
326 898
166 859
598 830
675 463
787 513
434 611
595 36
727 547
140 721
573 16
964 450
617 776
119 723
12 411
784 324
440 762
383 954
175 942
295 921
751 143
642 977
166 483
295 149
389 336
154 759
926 9
565 727
333 435
65 573
138 163
730 825
489 653
879 152
76 155
350 590
665 658
995 439
940 492
959 80
820 810
752 672
170 99
228 445
394 619
34 722
809 584
937 387
241 62
167 274
933 765
99 424
304 457
798 752
215 518
259 312
133 287
852 601
193 44
247 145
873 706
178 952
716 184
367 877
740 310
743 721
621 245
752 364
717 49
964 973
821 580
321 333
758 33
418 634
708 879
316 654
950 707
732 644
932 842
818 516
102 404
422 615
136 966
254 339
58 550
974 616
317 519
926 911
805 793
197 49
783 734
456 373
935 839
370 679
595 482
35 187
54 885
2 976
884 908
779 296
541 905
358 479
606 897
983 663
25 226
799 74
656 460
141 652
401 947
510 373
484 272
175 989
362 692
54 6
366 788
663 632
975 698
506 923
696 583
181 129
488 113
294 499
229 774
100 161
621 516
432 616
217 992
203 951
596 966
426 71
28 824
982 191
432 711
414 571
312 678
669 63
691 539
531 962
34 758
172 691
904 240
868 129
82 778
356 509
967 790
969 814
492 237
170 377
437 726
653 636
899 76
126 894
979 825
71 43
581 94
70 865
517 302
97 965
353 307
795 132
209 951
601 85
96 3
342 629
257 565
520 237
888 551
264 427
567 553
516 377
519 842
442 490
633 981
239 318
359 35
631 599
598 644
89 948
48 540
945 211
824 988
110 761
664 517
149 963
395 79
577 898
81 806
278 664
909 602
727 496
104 720
871 904
360 378
124 755
417 213
102 734
101 367
756 367
760 874
506 558
702 488
560 385
241 228
739 613
134 263
807 36
609 805
259 594
337 538
285 794
427 139
859 445
386 627
575 425
189 382
925 298
281 632
969 970
769 966
830 249
53 512
40 865
722 945
193 133
639 472
631 868
784 456
715 393
535 354
820 80
406 434
10 891
47 324
219 109
126 455
121 197
173 579
538 164
991 514
25 271
409 104
581 258
339 235
43 187
804 39
954 404
45 595
561 350
905 956
348 26
758 981
339 457
215 362
378 857
381 94
499 15
581 949
395 504
842 547
71 919
419 462
7 175
814 709
660 186
751 362
879 417
972 581
686 617
452 413
48 108
590 95
727 66
837 526
364 548
591 563
226 581
617 172
393 90
566 375
159 679
166 566
47 966
199 267
627 467
540 709
43 807
905 64
744 952
602 58
360 929
126 980
713 995
402 186
706 108
534 49
356 437
543 867
38 105
326 836
868 914
878 641
723 576
304 722
585 679
198 242
143 535
718 965
683 514
957 127
679 726
115 673
131 68
448 192
69 240
58 515
990 136
457 242
358 850
13 489
514 270
788 977
761 49
136 908
508 534
244 142
55 195
917 292
221 247
22 392
965 232
417 450
724 897
449 849
492 913
145 876
55 481
612 994
565 564
432 144
603 834
953 466
612 625
409 640
194 950
466 947
950 481
492 762
330 589
96 476
423 419
660 190
437 966
974 282
998 428
394 310
327 660
773 266
560 329
907 764
414 988
551 133
919 673
958 153
464 333
837 772
786 790
717 878
521 546
721 363
260 113
777 41
961 260
355 53
360 925
414 766
421 130
66 211
117 585
550 911
680 587
547 301
601 207
433 589
415 565
970 316
256 790
919 357
932 273
35 638
201 842
255 411
992 587
865 435
60 155
360 998
445 367
395 614
378 818
752 472
623 824
907 190
780 275
84 896
726 563
841 267
473 655
847 485
760 437
136 985
157 849
598 633
88 498
220 247
844 793
116 384
499 312
576 28
83 57
638 261
90 743
225 406
163 113
438 213
10 484
304 137
12 346
452 190
519 293
813 8
500 773
618 224
214 767
968 463
61 973
988 18
775 972
637 309
834 207
882 444
920 225
738 696
690 567
105 237
153 28
107 907
860 331
807 741
534 639
920 959
377 798
254 812
843 521
940 465
263 700
892 58
159 305
19 40
555 42
926 423
485 589
307 869
324 973
734 604
610 598
169 772
922 448
856 676
284 115
368 420
521 72
801 456
438 727
499 811
959 523
269 195
53 604
628 788
455 280
120 547
652 516
620 400
843 244
554 802
100 680
636 618
469 637
58 584
174 845
889 66
808 290
341 139
535 63
334 292
101 743
652 249
403 874
266 908
832 989
463 369
706 452
676 70
571 376
440 998
183 118
120 78
818 307
379 747
841 914
589 628
93 869
900 797
461 961
392 728
120 189
176 127
448 756
233 98
197 967
522 398
225 518
149 277
119 523
797 168
284 636
30 8
547 958
289 914
860 303
395 945
151 386
578 536
856 874
322 876
373 30
967 622
604 804
785 902
309 64
594 308
926 209
547 668
470 61
589 9
38 785
332 54
80 39
985 292
413 339
402 964
935 242
317 311
347 576
359 58
782 210
325 621
914 58
455 478
38 66
209 752
320 740
104 474
855 537
587 487
787 809
57 580
991 73
23 363
117 380
744 650
193 132
697 532
945 262
369 635
631 871
27 29
23 73
11 513
999 848
474 877
770 814
735 874
723 168
921 426
504 188
856 145
505 357
951 258
843 445
166 674
322 952
376 502
728 843
876 375
37 607
866 745
278 859
724 255
563 699
784 188
141 497
549 500
314 935
483 804
984 531
803 121
243 100
25 217
661 361
335 956
229 409
289 860
413 665
831 444
194 595
865 37
894 276
559 882
671 340
68 831
215 56
347 224
354 668
315 910
394 275
307 526
954 811
637 537
920 669
981 722
342 20
436 89
114 399
486 47
523 387
872 127
998 739
414 624
473 468
271 137
402 40
707 335
618 926
859 408
133 313
173 892
320 464
709 858
526 768
605 793
335 612
130 593
458 354
866 359
978 877
795 801
687 887
49 903
485 871
144 925
606 381
130 704
463 836
565 504
201 685
963 481
848 143
713 909
10 909
338 494
134 959
620 472
287 443
108 132
95 828
568 690
338 272
909 221
344 897
675 352
32 750
931 970
718 390
455 804
678 746
685 327
188 993
686 96
562 146
432 435
430 930
254 102
253 182
955 184
954 139
827 395
60 426
522 503
345 656
522 326
426 435
558 376
444 808
882 703
835 497
681 851
354 817
472 700
15 308
664 58
683 374
261 148
389 495
873 132
485 374
309 184
48 17
976 139
540 516
315 795
798 980
240 406
916 943
893 443
604 562
999 627
42 39
613 812
62 34
692 413
750 143
936 342
203 120
354 228
544 412
212 762
322 326
324 431
956 777
187 972
259 331
43 544
235 824
400 275
240 82
994 423
549 999
752 253
4 300
922 811
151 79
355 496
395 921
370 94
607 198
340 491
112 962
427 149
990 357
794 144
335 48
887 999
690 972
892 927
772 993
996 881
615 638
653 252
124 916
750 832
335 680
55 38
330 483
900 939
850 234
294 755
743 117
34 511
822 511
842 489
239 155
560 810
530 910
641 47
631 789
519 458
25 770
7 246
634 774
410 716
893 27
713 493
385 410
741 455
959 400
393 951
211 920
723 937
567 335
275 439
744 324
132 886
711 640
413 477
90 122
309 156
294 320
481 847
155 522
356 153
69 960
76 8
674 853
126 898
521 475
958 5
24 221
229 631
180 141
290 989
868 274
411 115
947 933
251 368
235 663
397 444
951 885
346 548
184 311
57 559
614 913
708 783
818 650
212 397
69 516
855 741
514 691
128 342
630 175
499 987
460 627
524 632
155 231
639 439
625 365
477 912
846 944
499 584
5 617
246 215
84 54
268 397
812 256
25 722
758 178
923 363
652 363
14 584
438 916
847 504
331 750
27 719
975 137
893 522
433 52
839 612
554 724
775 764
936 205
581 189
267 429
620 853
182 651
309 538
919 682
156 345
171 521
284 808
714 353
163 253
92 13
349 666
375 670
46 682
840 215
180 920
197 966
860 10
326 746
2 724
189 982
337 195
512 361
767 417
578 325
863 778
851 422
503 899
836 434
858 406
270 568
141 912
381 267
4 620
756 361
246 907
321 480
393 979
410 851
72 366
402 803
241 265
38 182
247 279
546 106
693 233
380 180
720 185
242 181
522 963
815 698
816 748
15 2
554 304
773 210
43 829
9 125
963 764
969 895
622 47
645 40
920 553
208 779
49 777
998 806
18 4
436 267
43 731
890 330
36 608
535 670
293 31
424 450
978 793
798 721
821 521
680 659
443 246
330 752
95 276
482 506
601 439
675 920
491 43
109 632
420 229
3 23
395 929
514 441
788 840
400 121
329 165
442 396
652 773
629 845
791 180
14 983
311 669
25 446
353 793
413 575
987 582
665 206
784 204
12 475
43 447
978 14
689 65
288 249
127 569
846 41
831 447
746 116
819 883
93 640
656 564
518 206
332 885
855 11
507 505
456 250
518 89
186 670
835 231
817 592
86 959
363 742
894 582
328 611
424 610
316 688
851 785
393 169
507 199
436 201
737 516
919 524
248 981
318 237
503 179
288 64
830 8
431 71
806 17
991 31
278 478
887 478
834 198
203 327
860 918
701 150
630 356
8 189
448 36
297 142
765 815
624 909
430 393
145 4
457 314
1000 896
31 528
748 38
201 829
495 711
296 7
84 194
443 872
120 715
317 911
926 775
197 457
199 623
166 636
524 870
173 336
908 133
296 836
44 451
120 937
211 466
28 740
549 262
736 371
260 968
258 353
837 637
615 5
338 51
677 126
750 903
219 845
571 16
261 608
353 519
124 710
200 142
376 256
275 700
112 874
84 49
427 905
413 214
971 724
128 42
220 704
370 213
777 915
544 866
865 297
449 738
113 701
55 566
370 36
594 319
247 302
964 342
39 98
43 103
336 235
688 184
137 494
213 347
251 920
750 434
881 257
517 883
111 380
463 743
433 784
479 814
844 226
424 749
670 418
428 825
986 437
380 450
553 688
934 503
925 128
126 833
307 41
311 753
761 550
833 113
527 253
431 200
334 957
190 673
835 684
360 716
80 994
26 357
544 234
66 610
165 894
666 309
832 213
418 649
138 824
304 478
782 449
624 151
183 846
421 597
480 255
577 263
488 317
338 245
637 911
139 492
379 995
92 260
348 958
962 958
659 898
73 497
644 482
790 60
592 947
892 958
413 999
395 36
270 912
642 255
845 548
797 897
140 752
272 568
220 390
971 867
205 517
383 859
976 955
189 802
940 30
995 341
507 323
626 951
879 475
929 853
148 57
44 564
561 800
120 496
786 711
972 798
149 465
959 480
998 590
649 506
307 585
96 728
670 252
697 66
455 214
938 188
912 799
346 787
808 704
956 584
276 554
427 577
465 278
472 213
517 9
520 291
173 835
552 405
252 552
770 695
398 876
43 527
908 521
657 783
285 710
697 766
375 746
994 72
443 690
500 385
999 985
527 3
654 697
465 943
107 126
179 797
291 887
349 213
832 49
136 616
746 603
788 747
378 711
841 293
644 704
59 352
16 93
953 844
563 496
790 105
424 328
82 210
409 2
687 467
659 926
904 114
913 626
789 303
862 687
22 438
484 465
547 245
90 616
896 427
223 797
239 329
612 981
499 52
729 875
396 622
328 908
805 646
314 227
910 40
797 534
394 27
552 635
185 886
647 116
449 569
414 233
440 292
976 822
461 178
9 305
485 316
877 746
627 511
393 35
158 381
938 618
522 528
958 196
228 943
768 320
950 632
755 464
612 79
798 700
342 232
4 929
167 471
226 881
584 631
736 974
645 184
528 562
83 601
321 988
723 681
563 336
583 109
970 370
365 636
830 990
652 554
299 786
31 575
13 224
805 4
588 660
37 234
937 980
259 160
957 457
61 244
230 661
753 684
899 80
405 263
525 918
499 913
110 643
508 670
272 68
456 289
258 491
231 906
236 540
129 382
646 977
899 270
295 681
741 969
524 929
487 365
805 600
220 40
901 793
854 811
33 523
840 357
702 514
223 808
63 947
979 794
271 841
581 946
665 495
240 787
564 795
341 686
286 97
181 341
988 843
864 857
461 197
135 260
798 220
587 795
270 533
841 639
458 861
774 101
812 424
264 665
686 625
460 892
237 815
26 936
940 260
389 26
925 120
403 141
825 60
214 141
262 683
854 433
892 124
592 96
460 240
227 199
209 560
891 188
179 360
203 94
480 918
756 770
834 84
726 110
982 452
783 157
53 496
376 381
611 442
646 745
268 737
551 294
296 234
973 656
8 190
83 738
965 512
322 514
878 631
75 838
417 923
89 678
877 453
364 280
723 931
969 295
844 609
558 851
151 267
227 609
567 899
735 729
331 655
80 909
421 28
370 526
851 37
335 892
232 563
987 421
481 249
853 864
158 878
430 531
785 512
788 673
201 457
641 449
436 763
57 266
707 742
775 122
655 544
163 914
702 581
43 184
975 595
532 320
558 5
534 164
833 667
438 201
156 488
694 872
403 65
276 817
189 592
442 132
725 526
137 493
61 662
545 105
178 594
105 562
12 938
363 594
750 34
330 617
385 888
61 775
942 880
526 883
964 644
804 881
553 695
476 770
114 659
612 150
319 544
583 791
587 464
825 427
208 611
27 185
635 460
1000 735
1 774
804 678
952 913
383 83
402 462
866 107
829 85
667 102
580 973
588 4
502 359
344 833
677 1
148 817
350 315
465 979
27 884
982 940
602 871
629 425
791 475
974 124
419 79
443 329
555 670
248 251
106 249
90 738
509 236
827 203
25 117
317 741
376 159
693 686
568 797
692 26
798 491
246 485
963 373
521 838
243 94
649 364
870 457
893 936
764 354
332 984
224 817
78 140
7 240
229 32
690 562
271 783
539 377
302 476
465 202
138 240
72 372
47 677
817 526
603 29
185 420
167 204
545 388
947 536
51 591
893 492
768 357
881 300
990 606
431 231
872 185
247 83
877 952
393 736
21 1000
649 55
123 478
90 269
293 488
246 408
999 762
122 154
783 345
217 134
127 399
772 90
481 265
407 225
800 131
566 894
164 490
221 711
851 402
72 649
847 676
60 186
706 740
856 402
692 951
715 382
662 859
922 956
20 110
373 222
339 98
527 615
469 747
955 413
41 940
371 437
465 584
317 551
893 520
153 541
767 51
715 604
295 644
712 678
269 533
509 240
745 418
489 124
325 32
625 824
737 198
901 949
629 848
116 133
290 160
335 586
428 152
447 396
802 141
813 631
751 338
474 490
992 355
920 192
525 638
320 794
963 162
727 197
995 337
786 665
414 238
162 159
751 195
973 69
100 503
836 451
964 280
587 975
932 960
94 749
539 864
404 311
777 827
284 285
102 572
30 297
566 367
988 565
574 682
385 646
411 642
360 826
809 635
743 934
873 636
929 946
895 763
933 922
222 339
521 24
543 781
284 82
788 558
326 317
199 65
610 1000
593 766
852 925
70 822
381 943
773 771
892 541
680 661
592 449
222 28
114 957
519 789
791 976
923 216
173 473
139 585
378 873
547 459
749 678
143 989
481 189
541 698
106 799
201 97
922 3
740 782
671 652
106 174
508 526
974 983
760 351
524 930
157 647
653 258
710 829
589 644
129 494
371 175
561 419
51 582
920 318
443 379
323 961
982 482
278 555
637 506
896 214
613 369
724 702
431 924
508 33
751 231
458 858
591 398
778 105
122 687
964 380
397 941
309 161
998 535
982 136
677 758
54 415
932 419
217 947
751 810
794 41
845 273
593 312
575 120
891 191
15 145
237 481
170 426
173 889
873 745
32 71
690 872
398 186
520 508
620 913
197 864
697 708
238 548
122 69
583 80
216 2
714 769
515 816
202 253
113 398
444 18
396 141
92 540
629 291
645 462
670 490
714 227
608 610
606 45
93 230
738 253
296 920
210 834
491 823
793 833
80 910
407 749
780 73
943 911
305 47
749 940
455 801
59 24
862 536
750 794
141 530
606 734
755 640
537 501
920 491
349 687
44 227
965 357
163 183
680 491
349 704
444 692
565 560
12 400
90 976
521 698
573 721
243 242
387 844
584 22
638 937
585 291
975 262
716 214
333 477
3 105
85 588
357 471
285 410
144 931
180 368
306 919
200 366
953 176
204 334
844 394
68 98
845 891
12 980
976 29
673 19
416 36
385 639
627 724
997 458
282 817
605 969
825 313
683 823
799 953
530 158
68 916
403 764
84 319
585 758
892 470
682 372
387 16
944 851
999 951
247 946
18 876
239 770
264 436
174 923
433 291
182 614
183 731
277 402
829 197
903 706
465 978
562 448
193 611
633 676
268 123
452 744
623 949
538 361
844 676
654 387
892 922
435 429
783 805
73 102
382 248
898 113
611 713
334 383
228 710
568 943
93 263
15 849
343 356
77 440
941 79
999 345
233 138
361 93
56 653
901 993
673 514
485 36
57 293
276 1
812 83
355 520
324 424
390 249
637 418
416 388
94 871
58 948
3 856
759 627
580 70
263 410
660 94
372 648
546 69
655 805
160 961
437 468
521 257
43 69
794 791
186 967
78 585
313 1000
66 17
602 79
910 316
553 513
101 669
449 8
276 799
649 135
635 122
605 862
52 834
364 44
934 96
98 128
796 65
630 865
130 647
113 453
558 575
120 551
869 774
304 670
271 474
472 356
577 455
546 910
672 317
322 762
783 539
168 128
434 777
259 215
165 99
942 440
11 630
726 595
182 427
583 597
205 162
705 431
850 427
615 873
486 935
268 238
269 643
453 166
684 550
462 140
373 511
84 646
555 8
222 524
337 294
963 502
339 304
840 331
509 96
236 984
220 501
883 303
21 616
832 767
872 572
671 94
197 963
813 358
556 270
119 662
376 922
768 774
767 630
401 803
774 236
498 469
963 165
365 749
964 138
363 977
21 343
124 494
108 939
751 51
682 982
522 127
171 103
834 829
553 531
691 860
198 700
345 280
368 663
150 903
869 277
358 794
271 177
798 674
503 168
694 627
369 140
925 293
503 345
235 743
700 619
916 536
649 163
743 647
947 841
874 818
302 443
194 320
649 43
235 884
18 914
863 126
886 181
852 781
725 121
653 748
691 393
568 444
705 229
286 894
877 479
805 2
131 111
630 57
903 757
120 690
304 521
947 209
45 798
887 571
391 310
526 279
529 209
425 49
453 9
120 912
486 67
892 709
663 507
297 678
33 920
163 13
475 367
153 487
305 236
841 946
718 328
96 215
281 331
908 288
489 488
237 634
419 501
64 996
746 128
512 328
766 199
635 34
717 257
862 826
42 523
684 78
707 247
671 336
968 233
487 819
347 228
684 221
208 174
784 332
357 259
86 835
531 690
471 287
665 696
594 296
99 724
6 384
375 163
322 45
394 494
751 964
772 735
845 447
226 561
997 324
798 783
394 625
52 117
593 319
243 706
929 861
751 666
445 243
321 13
873 744
297 36
209 720
47 144
126 699
39 524
578 222
389 621
339 615
951 559
931 284
403 961
813 970
815 12
176 177
529 403
107 21
145 394
148 799
442 572
615 723
212 166
583 369
783 595
64 780
878 855
168 196
831 907
980 163
410 808
358 203
32 627
128 626
382 221
741 445
112 417
735 731
188 782
64 260
597 678
166 861
289 530
606 735
116 79
742 399
31 486
180 940
145 871
243 68
813 176
840 18
15 530
183 344
149 216
582 518
751 149
418 203
383 817
929 317
33 480
841 537
510 652
294 457
721 51
440 501
963 10
232 799
807 133
299 498
604 927
475 725
95 772
26 829
651 758
180 6
471 513
212 857
95 917
422 79
795 995
977 900
924 133
490 849
244 778
164 530
113 254
496 194
773 952
332 344
295 873
825 425
11 667
169 205
207 525
523 798
662 595
610 768
692 283
92 626
199 814
277 544
260 946
779 866
396 178
514 461
58 945
738 47
204 727
634 108
905 539
88 328
698 641
883 647
22 79
6 704
444 277
157 812
271 106
982 797
567 993
902 871
516 417
940 725
903 483
154 238
562 35
943 930
968 278
163 116
970 844
781 878
81 931
712 795
698 850
534 52
889 997
284 887
943 640
806 980
953 384
741 737
615 264
195 197
785 883
807 506
20 920
461 58
100 334
444 968
393 810
674 429
217 558
713 401
915 941
256 254
315 605
209 178
86 792
987 79
915 794
975 934
264 680
686 687
121 911
786 597
915 139
99 748
171 139
372 824
104 182
425 335
103 952
986 60
790 996
129 691
60 641
910 317
640 289
750 60
626 118
846 595
1000 287
657 994
515 313
165 362
117 754
304 945
880 324
455 390
352 941
278 389
643 713
781 274
857 84
960 347
372 148
209 937
698 726
941 518
59 391
350 394
756 786
641 929
473 637
865 323
561 462
447 869
925 821
508 885
497 682
199 560
349 67
996 898
244 175
316 268
874 290
966 466
549 330
509 285
443 115
428 588
486 55
417 540
658 690
73 402
664 523
862 658
295 535
92 862
689 200
921 13
46 686
304 57
567 24
950 128
733 816
970 578
239 187
497 552
703 584
779 40
360 352
638 919
107 989
589 337
827 292
495 402
685 830
673 926
30 13
320 337
396 847
346 174
863 903
497 778
43 130
116 980
176 289
403 10
902 208
156 466
764 921
944 70
170 146
958 203
776 63
892 91
363 655
91 956
185 311
114 503
556 738
80 171
731 332
659 27
610 631
853 63
192 644
144 551
183 541
609 366
584 969
970 494
259 391
314 322
958 263
62 472
929 515
142 336
182 781
331 297
135 670
49 632
842 537
965 698
587 248
540 210
231 161
14 697
533 663
606 55
885 100
706 633
912 216
567 952
273 402
120 913
391 326
404 947
866 738
116 453
462 200
563 702
839 725
328 205
76 859
97 272
447 716
999 275
768 709
122 589
755 855
936 923
461 992
780 788
728 541
582 392
350 732
384 77
438 432
785 945
722 7
978 157
659 522
56 565
793 336
228 211
712 128
931 510
165 193
38 596
954 837
829 823
806 574
711 695
590 208
807 211
78 484
559 25
468 512
621 710
696 867
74 923
590 323
958 231
650 188
464 359
375 83
947 594
730 78
632 364
622 80
574 983
759 457
982 104
783 105
752 409
894 804
109 20
146 30
402 180
847 858
574 934
761 669
78 817
118 354
49 809
32 89
655 419
549 748
329 521
847 971
994 301
362 322
400 300
825 509
31 655
736 715
771 348
10 950
782 892
593 779
373 227
675 521
197 437
624 111
98 712
64 406
999 192
505 260
197 70
25 493
559 360
926 549
712 657
286 388
602 781
144 493
993 152
422 382
555 197
399 732
440 931
975 393
614 251
615 150
5 44
124 595
220 446
258 671
899 451
872 629
380 820
785 662
492 798
170 905
883 151
846 9
152 53
16 971
249 794
871 974
431 973
286 64
125 232
488 574
577 670
221 883
591 511
519 114
833 751
405 958
488 28
252 237
343 134
237 895
717 437
403 213
595 617
546 63
181 875
237 784
642 714
826 287
811 193
460 49
632 482
924 992
670 132
506 723
586 196
661 463
534 951
868 5
489 80
485 595
201 162
274 60
221 905
83 820
303 315
324 870
753 92
221 990
863 403
367 704
321 1000
564 92
494 573
667 349
264 344
619 580
101 473
416 883
502 203
805 72
921 587
596 323
664 985
147 804
563 58
446 898
36 922
667 232
615 758
616 656
876 226
58 545
300 934
297 467
158 540
689 3
810 643
615 980
22 291
989 191
645 851
569 981
813 133
680 314
665 138
770 686
124 631
653 451
61 972
806 981
842 530
976 544
573 642
120 278
85 780
803 389
732 485
202 772
237 978
590 110
459 472
520 247
63 170
390 142
290 274
185 56
398 229
998 578
655 643
336 373
971 466
5 254
959 125
221 768
493 27
510 907
649 427
777 254
706 140
318 222
545 10
393 229
692 463
450 974
969 838
363 563
109 75
661 596
131 441
848 197
118 315
764 489
378 156
325 627
161 754
414 732
473 128
882 860
187 894
96 937
748 821
51 159
904 981
78 920
620 383
912 576
550 86
829 471
705 31
356 681
434 15
71 326
240 962
41 247
597 906
252 914
875 216
572 513
237 331
658 894
917 531
258 144
576 155
733 331
236 677
656 727
260 693
71 757
810 465
184 999
677 89
577 656
137 803
889 166
597 605
995 944
515 198
849 624
22 330
23 999
245 446
172 114
889 896
379 606
909 595
333 129
758 738
450 511
140 615
312 388
354 771
779 184
637 68
177 750
750 669
792 61
212 788
319 80
270 428
200 424
76 331
169 575
134 367
593 880
164 998
256 505
226 555
639 214
677 672
695 699
746 610
648 954
422 5
705 703
173 897
389 196
119 69
363 543
455 71
863 346
801 867
545 135
108 361
145 241
701 284
304 862
805 302
553 285
371 670
80 601
722 936
283 28
325 905
571 865
862 160
889 262
317 245
715 398
573 36
577 417
886 85
544 593
230 649
526 362
417 748
714 202
979 226
635 135
933 300
19 853
595 306
438 858
892 923
28 669
947 497
991 920
650 948
899 287
659 958
895 380
698 920
145 1000
827 244
242 556
353 653
603 621
803 127
474 683
201 465
969 117
719 947
703 542
903 200
626 537
776 526
831 442
888 228
353 720
33 361
513 39
845 202
665 412
744 483
851 585
29 797
266 497
51 893
103 652
507 271
695 328
254 520
682 569
497 821
370 61
741 26
158 306
916 506
310 921
5 165
6 390
319 965
912 957
323 286
237 188
698 318
906 523
171 210
337 750
467 715
873 972
327 463
884 906
811 474
778 729
800 881
913 438
810 54
665 841
133 291
448 283
122 878
29 498
36 562
164 591
34 564
340 136
765 953
327 89
236 41
626 353
19 437
812 782
134 806
28 317
928 925
865 424
437 895
938 692
98 57
26 266
300 669
299 882
545 638
840 890
658 823
930 944
308 972
420 6
939 802
228 536
504 879
981 483
602 1000
560 760
675 665
503 784
638 199
934 618
645 749
975 106
980 284
804 66
98 637
82 150
444 593
466 249
231 827
459 452
244 390
229 342
803 27
182 116
845 908
146 880
868 584
376 869
379 518
336 904
381 236
129 233
594 31
934 119
501 999
854 533
485 158
233 973
894 314
91 59
608 143
696 254
952 872
967 671
841 543
204 329
993 692
816 843
814 663
185 396
561 537
104 92
929 29
837 892
734 984
492 483
510 876
833 441
209 391
262 651
432 674
860 674
355 58
123 54
584 548
14 139
507 855
109 247
915 444
477 627
80 259
290 802
990 787
94 228
900 63
668 51
744 697
126 725
236 13
936 363
39 562
598 295
253 718
101 19
973 895
262 584
526 435
784 830
553 399
291 862
314 549
994 131
209 4
727 923
818 85
136 292
896 823
623 950
799 247
430 230
433 2
831 314
292 195
885 204
980 304
49 498
442 627
3 385
757 386
116 62
653 327
729 737
947 765
714 375
984 13
116 173
723 511
710 651
254 791
647 254
121 706
267 242
812 78
780 940
567 468
592 736
556 75
168 796
940 170
357 456
297 346
90 213
453 805
4 517
557 431
190 296
431 710
234 660
517 961
792 192
332 9
226 516
696 796
90 503
333 689
688 384
797 226
393 228
697 438
660 814
692 632
78 767
122 823
751 96
363 451
916 519
481 668
905 274
108 983
622 875
705 109
812 839
653 709
377 460
92 358
93 408
4 383
135 663
416 360
225 96
244 907
631 777
227 735
934 976
738 49
760 562
260 551
944 592
856 188
692 546
144 8
408 429
780 445
951 377
366 764
983 732
594 931
387 717
444 426
248 27
580 568
528 61
802 564
577 387
549 344
122 624
496 386
395 71
126 111
879 695
755 893
681 610
97 379
262 245
410 520
784 373
994 515
383 917
774 336
32 671
512 367
346 317
185 889
628 139
335 418
376 524
711 828
647 384
794 596
355 694
427 101
440 824
760 737
265 19
263 520
447 255
877 886
713 813
208 995
831 69
946 817
766 731
17 515
34 675
75 277
539 642
21 935
479 471
800 854
982 66
485 618
640 271
975 847
316 904
616 158
100 823
374 178
123 510
52 946
291 730
109 191
350 187
830 225
832 197
907 872
587 412
113 277
22 969
739 41
597 75
544 73
386 796
119 856
544 184
98 389
154 403
985 936
143 985
921 435
106 69
705 260
888 132
11 663
818 29
305 950
639 183
767 66
552 113
734 153
903 404
782 563
519 580
560 571
465 313
505 584
37 553
724 885
671 942
374 826
167 767
555 751
817 142
582 398
556 237
168 694
978 155
979 654
819 889
73 639
772 789
858 372
520 437
972 716
918 750
229 245
582 827
15 334
436 945
517 904
422 324
371 668
15 511
804 451
475 714
186 523
483 199
964 542
215 644
808 782
881 488
963 734
412 72
179 367
810 55
955 930
649 115
669 912
963 623
268 527
285 615
847 981
464 534
269 25
917 775
960 278
674 744
116 642
30 62
127 208
681 220
639 404
300 724
761 366
62 581
156 666
784 723
666 731
942 388
69 248
112 341
610 460
629 464
465 635
106 895
241 988
862 334
165 678
71 579
904 554
905 887
908 18
547 338
322 963
733 35
899 337
560 551
819 518
823 214
220 9
46 373
283 837
492 905
1 52
261 618
12 396
340 769
90 988
299 65
219 240
437 169
719 775
372 402
689 496
163 921
556 96
86 755
750 346
459 399
719 549
25 585
997 131
638 655
139 155
273 583
751 116
994 907
996 77
228 471
981 767
124 128
877 830
694 796
590 349
668 511
834 915
599 145
734 241
990 758
95 918
460 273
209 535
66 184
48 915
251 252
714 764
237 449
437 527
792 562
556 571
235 672
723 768
515 626
899 979
256 895
350 115
740 319
688 850
247 793
587 420
454 221
917 795
230 628
326 27
120 638
781 205
507 87
629 395
718 856
974 710
648 286
745 798
639 254
452 724
788 782
97 3
135 993
852 405
429 196
126 150
254 427
129 264
66 497
137 773
338 126
749 908
399 653
241 841
917 320
595 90
889 217
158 828
270 922
306 627
24 534
457 997
637 348
598 962
358 423
298 562
505 866
197 636
57 297
722 205
81 211
542 864
375 977
640 248
470 847
94 875
649 392
115 396
906 23
836 468
360 37
750 374
732 261
648 674
997 167
436 37
934 412
316 647
850 587
82 993
693 15
74 977
904 362
707 383
411 810
393 235
53 273
810 124
137 238
126 788
735 186
173 701
138 640
761 759
346 559
111 725
259 428
407 252
531 280
71 179
843 218
894 836
23 460
905 499
16 294
325 804
843 171
26 323
121 71
598 435
658 892
84 425
455 566
573 539
141 227
819 928
932 65
992 828
259 264
187 26
150 130
758 855
687 473
399 624
839 754
328 212
148 423
940 843
44 272
211 257
286 365
876 629
41 410
987 313
292 966
903 230
48 162
491 686
112 857
756 82
444 888
655 758
126 658
94 948
206 806
855 399
582 589
911 393
86 378
930 149
399 202
507 967
906 154
577 182
471 740
418 464
540 587
221 641
615 300
294 246
579 132
262 592
178 535
497 31
142 906
772 874
807 940
313 472
920 560
761 646
299 733
356 410
126 816
716 106
385 980
563 297
302 447
48 810
540 112
146 219
165 77
446 563
541 482
389 629
891 869
308 635
203 359
127 299
799 659
946 197
303 832
92 565
974 655
79 809
540 301
16 401
628 534
80 776
745 726
102 341
783 744
148 613
190 393
248 201
448 923
233 411
235 325
533 630
956 355
181 239
11 884
71 872
276 368
794 501
29 584
788 651
764 614
703 536
779 504
873 485
522 237
698 248
55 261
115 38
802 48
499 135
998 351
270 620
751 381
347 75
419 582
560 120
929 277
197 709
110 222
829 820
480 967
800 550
788 207
80 108
902 179
356 201
967 987
418 500
63 450
835 381
556 705
542 372
307 165
270 91
878 428
60 571
77 627
460 381
13 434
653 554
700 523
293 427
901 338
541 341
563 261
86 370
882 757
645 279
388 256
908 975
852 106
435 295
398 985
296 127
724 359
505 47
92 537
19 661
60 127
813 599
980 56
823 386
10 663
46 41
49 379
69 136
804 509
71 558
771 140
535 127
116 437
151 374
322 960
852 444
365 926
386 293
760 128
997 637
928 298
693 852
675 505
732 254
783 994
571 184
954 288
426 665
558 422
928 971
585 452
452 181
522 511
704 502
511 936
992 247
655 558
754 912
315 565
63 179
926 119
663 844
778 54
483 260
1000 250
484 43
300 782
855 36
893 337
416 347
513 803
769 345
953 36
685 549
962 170
449 261
303 486
837 890
234 705
44 337
807 22
428 673
565 96
17 714
15 67
368 290
189 332
961 275
579 860
651 635
321 124
138 538
772 261
27 72
221 987
556 564
84 469
503 285
625 31
354 111
946 427
201 736
353 301
707 605
544 114
925 523
69 441
187 833
343 354
956 999
897 946
66 637
490 273
112 227
126 781
969 453
776 419
31 787
534 238
311 35
277 383
816 463
999 118
233 756
770 48
461 835
82 120
465 256
289 562
349 654
277 81
711 201
392 805
64 514
710 649
72 13
494 558
388 689
941 475
528 52
402 533
849 324
82 301
279 901
87 92
234 496
988 777
149 150
315 593
52 356
72 378
453 803
972 789
845 97
100 424
587 950
303 223
378 441
872 191
441 758
939 275
544 321
70 701
518 725
908 689
393 452
216 161
927 371
805 311
950 800
587 107
939 561
668 17
840 982
127 282
607 12
610 800
368 187
192 969
840 805
986 751
201 877
329 288
737 675
979 346
11 540
487 19
821 735
2 408
205 990
518 785
689 913
676 361
14 592
516 498
986 538
170 818
409 154
504 24
453 161
681 326
150 131
554 806
943 578
382 104
438 142
279 602
552 324
770 391
55 435
324 176
244 504
962 703
162 439
399 390
182 50
846 469
538 778
599 679
897 185
936 705
135 281
105 596
694 8
567 314
811 876
343 166
176 293
986 506
824 401
828 821
668 514
898 721
911 174
897 571
812 737
1000 65
675 845
527 382
273 671
147 898
647 561
467 673
288 60
660 716
19 188
848 164
796 412
880 277
398 160
38 123
810 224
890 825
616 303
47 251
85 52
91 719
40 875
57 595
313 697
98 161
728 280
371 627
800 983
193 268
912 318
36 846
311 468
574 458
297 382
960 42
430 66
162 932
808 142
460 877
546 798
340 299
785 354
435 537
329 62
554 545
477 238
426 896
944 717
712 633
710 932
206 327
297 681
617 572
926 604
418 879
96 125
261 739
237 129
589 527
384 210
920 260
461 924
742 119
195 240
432 238
192 323
115 41
298 523
634 983
999 72
713 476
383 792
521 529
519 10
979 513
376 554
792 28
496 948
988 255
319 113
780 709
986 478
492 619
219 293
740 193
152 362
6 389
104 99
164 773
971 415
272 963
402 910
419 820
186 521
997 335
51 397
52 114
740 39
483 86
380 438
825 295
312 846
687 649
528 782
199 35
406 667
522 592
501 279
925 693
395 662
820 413
882 754
249 215
1 684
329 367
395 628
550 492
109 596
576 855
938 578
723 936
887 613
374 898
339 947
987 879
75 605
828 117
359 157
987 668
269 885
236 744
76 917
37 489
719 205
335 212
562 56
671 878
567 777
269 710
879 523
378 238
865 105
906 573
470 724
969 155
73 430
480 261
799 923
480 440
447 748
68 215
231 645
896 362
626 312
550 827
185 981
93 676
8 890
6 805
61 956
779 487
674 275
284 526
525 584
388 6
974 497
725 821
335 697
449 762
211 903
855 438
837 583
107 822
811 595
663 847
393 19
391 520
68 683
938 305
132 392
688 264
285 182
713 274
911 230
659 377
899 678
369 109
904 368
122 20
857 304
674 838
587 747
143 441
330 656
644 62
686 993
998 791
949 369
927 553
131 600
801 314
914 123
611 479
735 90
339 640
156 986
530 43
221 764
439 547
390 875
662 711
432 798
297 293
596 335
719 85
912 262
783 525
515 931
95 485
652 376
262 360
581 758
657 470
70 173
183 838
184 864
538 371
908 161
567 709
325 497
940 722
159 126
667 144
715 518
576 448
118 603
547 193
361 438
987 390
110 603
205 381
328 920
571 52
349 574
189 969
318 567
76 287
972 644
31 342
452 313
381 141
863 793
385 352
653 932
299 166
708 10
107 901
538 713
902 94
524 420
376 610
216 759
197 668
289 15
937 697
699 950
229 247
872 386
928 404
259 978
299 95
56 190
661 495
4 806
977 842
669 52
617 483
604 751
398 90
458 449
189 367
964 743
640 725
643 534
937 373
26 572
852 896
728 398
568 55
43 127
456 881
329 453
97 609
597 180
502 184
624 894
420 891
494 844
602 226
210 738
230 737
987 339
696 441
218 773
6 967
602 943
417 821
73 187
75 613
828 61
667 889
123 858
819 674
822 519
914 690
185 706
165 636
295 701
380 555
280 793
776 702
46 320
570 326
220 499
827 93
232 385
214 529
958 136
1 114
845 849
922 490
968 100
881 901
897 184
755 924
500 513
342 292
400 480
801 211
792 1
24 171
759 557
318 269
765 508
432 944
270 432
471 369
648 576
168 906
940 280
22 589
129 416
521 295
427 260
506 279
57 775
275 184
242 321
657 560
40 590
437 724
958 46
190 948
873 758
86 229
571 903
100 897
179 50
861 722
844 256
958 264
407 2
256 738
156 770
529 280
872 934
296 133
387 110
687 955
620 494
930 936
58 899
540 303
541 514
49 716
41 343
504 690
22 153
290 142
978 707
314 500
396 454
842 146
165 655
993 6
935 578
405 368
705 394
600 352
249 886
675 334
131 400
508 517
383 711
666 23
188 983
580 433
399 711
291 454
332 682
993 224
560 909
922 300
798 411
585 46
289 761
509 30
880 670
202 614
704 492
337 149
451 157
685 114
163 785
267 130
439 996
171 266
372 441
135 495
798 181
603 271
640 594
223 566
704 650
9 452
707 253
210 447
103 648
17 817
953 157
937 864
555 305
350 719
828 875
133 875
744 374
670 2
638 662
52 349
927 518
30 130
125 914
695 618
789 737
940 403
372 893
961 234
468 636
342 157
29 349
527 450
229 67
847 801
165 15
619 718
247 129
706 568
895 533
623 474
416 673
973 567
706 402
698 85
490 537
150 555
183 558
238 559
893 96
478 254
184 445
32 828
588 801
520 193
387 74
601 410
255 121
331 601
505 414
348 443
597 539
951 715
991 730
79 956
960 166
524 799
833 797
378 519
515 100
22 20
962 483
687 290
748 332
127 785
628 266
426 756
633 244
961 701
582 207
721 617
968 478
163 188
607 825
595 161
923 662
873 455
675 217
676 870
146 921
474 314
886 95
594 27
208 354
544 780
135 467
485 154
106 321
141 894
919 61
457 82
258 813
928 393
197 490
473 284
972 834
665 670
795 731
426 106
364 658
494 373
560 835
693 89
403 17
886 954
694 573
207 666
799 934
584 951
805 273
83 537
411 30
378 103
325 956
737 532
136 279
70 896
1 655
934 857
701 34
294 760
361 633
417 959
108 226
697 971
662 695
240 810
59 494
973 910
334 676
802 498
706 523
972 130
383 441
206 482
903 584
649 697
652 200
391 372
374 724
971 393
487 463
495 960
331 675
723 165
317 652
102 226
70 332
400 856
475 316
849 527
560 966
148 632
743 111
480 70
694 401
434 571
827 48
974 129
352 144
867 851
816 303
31 448
750 936
436 560
605 159
984 911
483 87
710 542
842 622
702 670
63 832
468 495
745 545
402 674
966 312
422 673
295 173
394 334
103 720
864 904
169 710
495 346
613 3
775 372
445 625
102 520
531 752
117 809
377 916
782 419
765 313
754 42
437 334
369 8
868 38
299 357
968 660
199 196
825 237
807 901
352 837
369 153
977 986
687 723
725 268
49 795
467 628
894 865
792 529
688 738
7 715
147 695
758 383
981 212
620 372
857 94
490 593
898 291
437 770
499 933
465 789
597 36
835 883
32 868
452 533
469 401
631 773
135 544
251 869
156 733
818 475
782 825
649 127
490 371
531 507
805 248
809 253
259 220
79 967
724 8
338 319
804 416
40 461
477 136
996 904
747 54
592 885
605 140
453 175
862 261
188 972
141 450
932 467
182 278
936 790
497 704
684 304
996 750
137 951
409 954
441 265
499 63
101 351
304 63
505 914
181 471
52 839
310 504
975 765
483 531
104 732
159 90
140 540
533 19
516 967
779 191
751 203
492 961
298 573
671 266
91 148
494 211
578 670
405 610
835 245
48 737
211 815
105 464
87 320
300 483
309 198
972 906
609 960
920 789
151 743
647 674
816 742
412 241
971 322
917 779
167 377
670 336
804 802
821 204
645 284
592 12
60 530
632 765
523 638
304 964
963 631
565 215
568 101
416 978
296 360
887 460
339 714
319 608
378 44
715 167
346 526
592 298
410 341
5 657
333 772
951 960
520 38
773 668
647 291
445 315
433 275
752 63
92 560
643 160
75 802
574 456
349 901
265 798
952 704
207 150
466 492
361 706
912 222
839 941
163 468
805 877
280 600
999 43
323 538
333 475
400 785
438 249
386 348
791 561
758 950
470 718
223 522
497 748
875 775
892 672
677 950
141 712
720 595
24 490
262 100
214 429
140 512
180 757
737 452
651 916
877 564
842 777
555 304
388 937
760 658
792 926
780 711
30 482
94 689
39 112
481 796
264 870
998 527
53 180
646 171
207 867
413 159
764 72
88 537
911 61
271 146
65 255
906 415
946 672
618 901
248 311
576 251
133 302
929 711
957 306
381 986
226 925
388 380
482 115
2 490
627 911
132 396
890 231
471 729
469 472
970 159
552 825
75 881
682 299
576 826
9 579
767 79
165 832
919 59
923 188
139 621
265 826
676 348
509 875
790 204
776 394
245 419
943 806
662 906
991 618
741 899
888 329
995 623
429 47
710 902
589 719
535 233
738 471
190 257
176 980
617 312
631 114
854 844
746 973
486 320
215 258
2 739
240 570
140 597
107 368
343 446
441 178
738 680
958 585
742 224
944 55
798 150
102 771
984 792
572 551
674 842
261 264
572 990
232 248
566 13
332 147
645 774
229 789
160 996
143 229
615 24
604 918
130 887
441 878
498 841
953 702
640 348
57 830
259 662
170 487
119 8
288 75
100 971
820 460
158 716
881 234
863 46
795 774
283 42
265 747
451 988
88 898
907 157
899 868
23 420
635 436
563 147
250 154
162 776
476 424
627 792
959 761
585 984
291 837
588 725
349 199
839 650
577 364
909 101
917 618
75 79
974 882
412 818
201 33
558 231
745 572
733 254
483 697
417 521
831 650
742 467
257 91
732 221
14 772
897 944
709 772
615 176
103 412
306 766
271 624
418 4
632 72
689 391
581 369
530 901
972 562
521 734
941 361
23 313
829 776
426 655
633 789
885 700
561 862
409 537
121 807
716 702
186 749
793 387
410 596
703 588
857 775
327 364
474 160
497 65
575 218
166 270
844 169
314 143
262 616
691 614
363 553
470 271
293 270
33 330
762 657
753 114
284 555
743 667
195 949
400 475
630 267
529 306
143 546
211 544
508 942
257 512
923 247
786 325
148 734
973 945
478 465
227 595
836 707
2 97
822 618
291 206
936 249
828 63
866 870
794 251
135 961
157 777
231 920
322 916
770 96
112 480
304 686
176 781
70 425
425 565
758 986
944 258
28 853
837 473
529 920
574 586
881 857
453 448
976 821
702 857
439 877
415 852
874 94
582 423
430 592
452 136
181 470
845 847
258 577
188 642
121 737
270 660
629 633
208 299
940 244
816 42
780 553
362 556
845 177
829 812
8 530
985 534
638 888
731 54
489 679
953 240
590 255
252 882
63 69
447 250
513 872
385 669
406 801
800 764
565 52
955 812
170 44
482 266
800 875
104 296
527 488
341 69
839 330
553 613
800 986
876 808
293 435
762 804
523 718
691 352
32 163
198 368
18 906
494 767
432 534
527 831
983 779
588 831
990 127
4 344
49 335
149 852
773 556
406 79
177 1000
280 87
554 925
387 270
926 929
66 723
950 685
903 424
74 234
221 117
244 138
615 901
9 236
874 257
699 623
913 699
110 823
90 484
338 66
452 974
111 715
12 278
200 14
608 923
180 67
613 390
194 564
712 937
412 212
201 420
423 477
631 333
517 721
440 347
810 876
394 180
879 37
369 356
295 116
958 908
834 742
855 28
712 278
919 803
42 277
117 895
632 461
261 53
731 387
592 971
185 491
359 871
720 2
34 704
143 422
56 120
39 337
167 284
904 294
921 135
544 285
686 968
213 430
195 623
330 714
402 175
403 378
743 850
9 791
263 926
669 983
469 133
751 531
203 473
888 799
84 300
1000 749
620 302
514 735
571 786
203 438
939 634
579 531
448 314
38 324
645 420
44 769
575 551
173 419
815 20
710 330
876 102
126 413
187 267
648 359
960 9
301 383
504 885
1000 794
123 989
586 479
763 126
830 706
218 922
11 694
74 684
158 555
966 386
435 630
148 517
850 363
776 538
62 827
712 664
303 567
895 393
609 240
607 517
535 232
495 799
888 441
482 662
357 794
143 378
72 134
328 16
955 93
168 633
728 593
287 880
915 699
771 575
521 848
940 926
797 547
559 964
873 453
695 132
128 182
789 79
524 300
484 241
660 220
223 532
168 765
877 535
894 655
238 435
315 934
696 663
950 284
169 633
13 696
765 275
627 302
316 623
708 981
433 781
565 108
694 190
75 464
901 106
7 731
503 360
198 414
199 115
916 617
943 272
70 740
236 244
792 678
83 539
467 440
244 533
910 250
308 648
222 50
463 812
174 817
925 519
13 205
179 157
472 401
899 244
169 471
722 168
770 891
738 39
210 652
301 355
49 266
610 493
59 719
390 539
200 317
893 634
710 80
89 938
608 758
92 287
883 572
872 811
567 878
552 477
276 325
634 697
46 299
842 785
514 9
917 444
618 213
436 562
423 276
858 535
90 957
876 812
917 158
495 390
133 655
206 975
382 491
732 657
621 980
586 617
146 522
129 888
39 213
941 761
814 633
484 100
621 613
785 917
916 457
55 623
369 300
622 305
878 159
39 59
925 54
692 295
734 958
706 135
416 335
436 148
809 662
493 933
612 45
830 124
818 604
998 822
748 925
160 94
507 777
819 179
197 61
928 83
527 181
145 159
368 32
331 180
758 381
853 39
526 119
620 374
44 549
827 692
103 833
249 140
112 180
993 285
459 601
376 265
925 924
50 118
967 257
383 462
754 718
168 245
207 86
64 422
301 327
448 773
122 356
196 675
822 619
236 668
878 98
27 731
157 776
511 507
59 234
867 659
338 95
980 338
193 864
286 455
15 783
42 875
538 116
393 515
11 988
619 387
125 470
603 695
509 1000
423 816
940 245
7 206
982 890
375 944
211 979
786 655
513 77
256 210
441 90
560 32
669 322
247 378
29 931
489 678
552 900
238 107
556 948
849 70
666 811
873 943
673 240
416 66
789 714
78 515
337 763
781 874
268 771
387 518
384 374
21 929
445 885
981 803
229 526
363 532
287 26
460 342
27 349
1000 355
344 455
53 481
577 567
4 59
781 477
881 177
916 912
853 59
526 83
838 289
566 848
74 434
455 755
792 781
193 256
526 450
320 451
22 664
108 149
805 9
588 655
112 208
424 236
499 560
649 533
961 795
525 186
468 253
658 861
453 111
92 673
353 75
481 126
467 63
819 274
213 559
328 279
145 711
975 159
151 361
666 199
410 293
69 32
310 266
499 42
810 834
870 210
942 191
842 371
699 454
827 13
442 101
608 933
987 451
183 222
668 220
993 854
188 560
64 590
618 45
585 444
537 1
349 611
427 921
889 534
600 735
402 601
475 949
516 933
955 399
910 897
693 319
487 810
825 879
259 881
355 728
506 596
158 309
416 308
949 214
882 219
77 955
316 725
9 171
397 564
734 999
695 615
882 42
460 148
716 955
191 260
110 337
214 111
731 307
143 417
241 3
591 807
699 207
192 585
778 704
851 906
302 514
179 373
626 438
701 456
353 981
981 936
611 423
305 457
191 587
620 303
108 475
880 388
321 806
782 981
394 954
491 114
184 618
723 575
226 253
710 589
202 114
865 274
23 96
785 177
952 734
258 83
153 831
124 790
831 771
620 770
706 887
841 402
361 478
586 769
219 808
386 465
426 642
686 220
837 400
291 372
223 881
595 162
730 583
372 617
402 554
898 423
323 52
162 106
113 728
427 18
730 665
893 251
89 739
698 507
663 843
926 139
401 524
206 531
838 786
437 375
96 679
117 963
962 214
156 129
412 59
391 523
930 440
569 104
128 364
436 177
365 245
845 299
597 442
191 393
493 849
665 814
316 846
388 451
317 483
669 846
892 377
621 85
21 434
238 607
810 164
13 891
86 403
236 4
972 400
272 92
390 879
562 660
654 252
69 420
531 371
770 969
183 700
222 194
540 227
373 94
129 531
359 479
676 483
749 723
456 646
504 146
435 543
378 695
109 709
792 331
425 626
562 73
417 670
848 106
136 351
790 89
614 445
372 56
215 450
253 779
54 836
594 841
757 395
179 713
385 90
194 714
716 843
986 150
156 314
6 773
607 455
503 948
115 957
275 740
671 863
979 588
375 943
949 876
570 115
717 448
295 174
445 541
427 126
638 620
950 334
848 249
95 589
846 783
1000 219
103 802
52 272
682 907
651 700
411 691
105 394
983 355
180 124
934 301
938 160
904 272
668 473
801 149
290 639
754 184
22 730
574 919
83 984
209 629
925 343
69 725
749 115
242 503
902 872
248 648
736 55
575 664
133 501
523 821
763 168
196 895
607 17
853 206
536 648
65 368
528 616
800 269
710 256
116 126
752 22
51 380
821 730
3 183
187 306
408 517
80 802
465 564
728 974
679 797
336 807
616 771
947 413
658 536
314 802
277 158
741 985
558 1
119 981
818 338
426 715
978 396
246 489
16 887
756 41
22 317
944 403
267 134
859 800
43 479
940 103
875 693
284 963
881 953
155 854
816 44
671 358
986 340
381 286
492 105
661 188
974 301
542 209
48 277
929 252
397 958
375 559
976 177
194 146
158 361
18 452
973 348
665 603
925 25
708 927
414 121
198 709
806 260
494 304
423 972
282 736
618 940
820 96
342 228
37 72
293 288
84 411
450 861
325 607
660 696
222 489
207 607
99 126
943 459
229 751
271 462
57 598
956 838
243 959
584 880
193 150
948 482
365 624
134 973
838 433
827 576
773 554
124 230
787 642
334 739
101 700
600 245
800 503
19 861
315 242
135 807
737 163
432 310
72 797
328 359
349 303
630 200
357 996
467 241
699 473
171 608
577 997
512 548
875 760
938 491
72 251
608 925
76 675
112 748
901 926
525 718
638 41
676 846
585 985
981 154
901 559
594 51
975 722
742 251
263 310
157 303
849 135
498 495
523 66
39 881
444 905
346 117
17 821
604 879
306 998
140 243
129 935
350 691
868 820
209 241
401 551
717 25
223 464
137 509
342 38
806 465
385 767
886 547
123 181
86 59
837 785
17 736
933 978
312 996
169 829
541 13
119 33
428 842
345 28
757 687
425 212
672 179
854 175
962 356
825 411
754 339
683 853
842 91
209 718
640 512
330 938
244 564
852 811
924 918
624 954
116 325
644 991
351 897
283 688
81 763
411 340
505 49
162 850
472 294
109 591
421 723
867 383
338 371
468 274
288 648
932 161
442 437
335 34
528 350
432 323
14 525
456 329
718 609
900 534
650 961
616 859
139 332
488 570
325 425
309 564
228 676
64 653
413 534
434 531
296 560
323 793
327 833
219 856
634 901
470 971
867 629
367 49
812 98
885 564
100 154
530 815
837 689
380 956
676 753
169 985
510 555
498 19
209 76
542 158
360 48
699 929
95 616
541 81
116 533
246 972
502 634
391 519
751 125
757 411
61 569
190 135
619 491
892 37
694 791
473 401
423 775
852 651
378 286
162 744
787 32
60 614
332 451
479 124
477 587
468 882
144 600
857 91
803 785
691 346
106 646
986 610
19 473
347 701
430 413
396 213
839 664
614 705
425 867
304 636
411 304
112 281
59 482
278 64
598 537
414 402
235 229
453 38
326 828
239 757
974 632
278 51
282 446
581 314
139 283
983 762
782 579
568 971
291 164
935 887
224 129
245 309
961 748
853 566
361 296
22 601
897 772
954 351
192 478
658 610
737 182
884 3
335 981
402 317
576 528
186 39
168 742
902 305
426 502
408 21
634 921
162 28
971 798
953 511
203 744
212 930
851 408
447 493
33 297
932 639
976 839
573 891
206 892
444 945
160 916
108 954
859 18
876 972
347 294
881 335
399 108
497 70
171 133
854 410
358 885
363 669
569 26
151 172
492 319
812 650
449 404
660 822
422 97
886 922
62 200
912 667
622 896
643 541
716 125
554 96
717 916
22 586
521 121
425 44
943 310
238 725
715 191
846 110
758 371
151 131
654 46
964 898
587 121
511 929
682 351
834 434
528 617
594 742
412 627
696 446
236 271
18 726
666 282
494 947
499 711
317 970
746 588
269 807
715 763
222 985
957 666
853 601
196 316
88 466
791 279
741 984
134 16
427 512
634 360
414 286
770 494
441 56
791 388
484 454
396 652
879 703
145 916
572 789
370 477
421 815
595 861
392 598
564 788
802 129
310 872
668 890
889 745
319 202
285 422
802 240
324 348
509 712
534 699
464 87
124 481
622 352
215 922
402 789
718 681
168 911
685 726
68 744
801 42
156 513
893 388
217 931
551 66
946 530
882 919
683 74
96 864
226 659
482 265
483 32
90 680
412 124
787 88
829 749
152 929
299 722
356 385
861 700
593 746
902 522
118 143
615 830
708 717
737 710
689 704
648 16
903 968
460 566
812 803
605 552
507 629
715 40
199 859
312 517
16 377
956 933
64 21
508 828
434 955
718 667
904 679
176 718
33 843
714 66
715 743
205 589
940 512
575 883
560 683
840 436
892 981
40 316
712 718
414 378
306 419
783 919
885 317
870 163
301 220
139 1
77 373
793 60
371 40
805 685
298 757
874 352
396 918
950 21
989 561
831 306
253 869
860 258
310 999
719 585
791 288
9 344
569 368
57 68
846 836
820 23
371 612
778 492
963 936
489 529
878 85
165 470
337 741
665 935
562 829
321 105
810 123
470 330
517 35
8 77
564 161
685 147
293 84
847 989
667 331
961 509
464 691
553 352
193 107
406 268
317 191
628 440
505 71
311 385
65 319
853 334
857 779
344 882
573 95
61 299
981 490
822 934
843 505
173 322
943 802
893 595
430 211
714 102
990 267
849 661
296 787
62 830
709 417
287 95
519 672
150 333
392 929
458 378
646 557
829 345
447 305
547 184
695 16
534 406
112 777
79 511
281 300
111 974
811 908
312 325
552 975
362 674
157 84
879 313
548 667
721 185
481 828
638 518
756 597
282 694
483 235
252 308
454 920
950 573
554 506
384 542
243 683
912 688
948 22
933 838
436 290
108 32
821 945
921 823
652 641
264 322
288 344
914 132
843 54
239 929
790 531
739 105
813 914
523 920
356 649
191 766
213 786
383 181
437 858
97 825
83 378
299 841
197 270
332 995
671 554
174 22
781 86
362 350
624 133
964 131
145 764
740 586
610 488
352 472
432 352
970 992
20 623
666 473
558 235
979 18
706 806
624 355
862 701
21 131
41 605
667 945
76 661
495 173
974 476
870 107
466 869
799 37
201 400
76 740
243 45
758 668
603 636
241 572
172 166
319 209
769 412
772 981
845 137
993 638
997 94
621 610
56 870
366 7
775 371
464 507
546 89
850 579
854 411
212 744
151 591
152 727
302 713
679 245
647 603
374 175
449 4
947 773
584 585
568 78
968 744
289 196
737 557
891 447
565 367
877 205
203 482
848 989
515 743
694 862
341 986
278 259
541 391
264 461
14 313
878 568
899 213
956 898
848 763
995 892
19 828
221 508
46 66
157 916
448 792
243 624
202 283
258 25
477 131
741 886
278 988
649 728
889 195
338 203
157 773
901 89
736 346
440 775
700 253
386 373
282 258
853 969
25 92
101 457
671 957
179 514
391 906
231 715
15 558
769 222
453 605
152 200
353 601
711 934
271 705
418 151
38 724
267 870
937 782
959 421
391 569
105 330
588 401
453 768
702 409
637 188
394 510
33 22
252 414
271 20
110 36
420 536
223 271
526 538
564 329
610 312
592 114
42 95
407 453
464 261
686 944
213 406
674 904
566 410
364 870
942 661
476 808
57 890
757 713
294 121
27 350
549 538
105 646
623 460
184 371
539 569
599 439
940 838
735 23
288 891
496 404
464 946
662 534
368 222
351 943
544 177
303 840
567 751
606 147
666 716
689 549
338 397
162 959
933 338
477 118
595 335
995 745
335 72
233 498
536 742
917 686
870 838
709 460
527 767
162 641
749 955
201 253
709 93
732 786
128 896
384 314
348 235
900 850
297 803
709 238
379 647
716 830
663 749
354 987
499 30
870 51
784 330
157 665
487 577
110 388
201 424
349 608
98 800
723 292
505 802
823 792
738 880
363 937
676 558
65 551
707 112
407 208
964 353
747 883
87 242
180 272
751 91
332 251
596 920
560 350
122 547
798 1000
329 843
36 491
882 41
935 49
95 788
330 930
854 599
255 594
716 416
536 774
660 382
892 225
330 758
423 579
543 850
438 356
217 88
588 121
511 794
481 723
83 515
550 5
952 788
644 74
847 589
79 759
799 750
321 827
527 799
711 18
969 759
307 504
155 232
93 471
311 384
790 350
10 957
800 311
990 238
406 111
504 889
173 590
947 313
400 84
109 734
771 103
774 826
540 440
415 388
183 1000
221 85
7 318
891 805
547 349
890 77
225 259
23 944
617 513
282 378
410 439
656 67
196 388
34 491
935 947
519 304
334 14
262 283
31 490
931 216
146 768
923 921
555 740
349 723
206 68
430 652
750 513
839 626
207 275
884 207
557 159
300 392
694 88
76 423
232 207
233 836
381 452
882 363
920 948
212 854
284 299
216 657
603 15
821 508
454 767
695 471
212 830
864 593
777 894
884 498
48 686
327 276
679 67
189 467
752 859
164 695
470 242
493 65
170 480
65 222
449 63
278 122
506 632
294 897
414 966
904 85
479 399
179 451
557 918
798 907
467 444
602 257
553 323
862 215
311 631
999 938
411 133
801 541
458 104
167 205
957 402
190 547
361 611
729 491
496 698
784 839
640 474
253 550
35 335
148 694
191 219
585 115
948 873
384 494
225 190
652 85
780 98
384 664
620 865
628 372
667 944
617 765
762 510
943 551
819 621
657 678
325 284
110 610
311 902
883 350
276 304
519 276
79 301
254 797
715 797
755 792
633 500
172 16
618 96
450 494
430 680
324 491
72 388
988 914
224 719
483 586
101 7
564 673
488 212
200 296
309 458
929 701
949 497
579 484
603 506
752 784
881 764
73 911
756 660
115 260
43 35
372 669
856 782
454 731
290 664
94 626
204 502
115 689
996 106
677 689
327 504
382 214
717 176
170 53
744 82
469 103
125 709
327 393
296 670
879 592
446 361
126 797
928 433
706 421
930 701
809 948
368 36
166 235
750 135
903 998
706 468
339 677
156 821
183 620
700 698
631 914
28 383
680 822
273 128
663 151
64 11
374 360
840 700
456 677
255 63
330 194
993 386
277 441
724 22
619 200
548 177
982 986
969 489
571 429
849 403
79 114
70 275
770 407
542 649
942 167
410 380
180 842
549 463
283 143
391 116
240 633
897 919
940 979
390 436
840 199
43 464
214 411
343 125
881 958
182 41
148 125
659 661
34 100
767 714
788 77
772 970
475 986
873 451
591 440
668 747
851 551
85 535
674 52
837 536
328 744
185 97
726 256
871 745
622 209
38 774
631 413
560 258
190 93
468 615
831 435
776 999
134 388
268 910
434 482
695 829
644 305
506 496
257 665
937 346
657 843
90 869
237 273
393 780
946 450
355 346
856 436
446 615
400 331
293 144
893 113
406 465
300 770
109 616
516 184
274 575
286 762
947 220
418 201
135 915
796 975
641 522
309 940
753 558
261 969
451 471
70 383
823 343
349 300
633 225
724 776
463 292
581 129
453 286
864 411
58 462
441 446
940 800
797 937
559 702
304 66
435 940
898 300
237 621
805 683
280 26
135 484
928 646
980 711
589 361
761 199
833 799
427 42
858 378
342 347
404 379
817 503
161 11
643 923
552 868
664 94
342 490
665 651
670 148
449 304
881 277
493 71
61 643
468 635
342 148
626 35
700 830
147 934
996 154
919 540
702 148
868 228
523 282
462 877
817 802
657 533
614 605
204 796
84 442
680 577
588 122
278 494
886 883
528 917
554 633
252 615
994 400
460 596
230 582
607 467
736 711
537 794
5 512
390 790
434 970
572 292
240 773
886 396
546 971
321 580
770 212
490 437
718 757
576 222
867 497
779 595
27 790
598 611
236 736
149 823
10 623
340 710
841 127
45 23
498 448
185 509
31 68
254 151
634 904
791 462
922 267
533 584
214 993
515 408
76 706
37 836
702 794
684 257
686 339
267 195
489 439
806 820
6 172
1 258
197 543
113 732
129 791
993 592
902 106
873 234
926 124
51 674
72 327
293 929
864 995
774 48
578 593
775 265
690 867
90 119
539 806
540 533
206 513
601 609
547 583
824 192
136 194
565 119
768 263
298 944
77 701
137 869
544 318
485 680
345 125
364 943
293 485
722 837
706 94
429 741
13 998
57 546
934 471
922 614
8 250
108 59
194 683
40 811
166 351
369 929
353 292
596 480
145 464
678 250
882 609
60 165
740 519
563 6
567 726
496 196
308 939
614 599
545 148
139 399
315 498
36 29
978 642
853 578
231 114
987 752
756 37
510 63
956 333
27 611
749 898
110 752
989 179
42 880
663 310
687 444
943 550
641 284
793 73
79 300
135 14
104 600
980 537
547 86
430 574
931 247
716 176
936 607
723 377
617 798
233 5
806 848
348 498
793 363
298 715
133 514
157 276
195 65
488 213
660 253
54 132
937 784
169 702
968 814
111 194
612 357
78 441
392 362
526 653
391 612
214 599
795 700
333 725
692 300
179 102
108 603
473 498
950 620
811 438
705 687
703 108
706 128
636 65
235 600
414 697
806 367
221 901
847 881
221 206
670 398
433 701
531 68
273 980
402 240
683 769
151 815
674 580
677 355
570 661
682 459
478 46
43 639
959 549
505 140
88 100
736 784
383 151
848 622
452 540
295 966
459 604
745 855
83 280
203 278
678 369
737 811
679 648
244 781
995 719
780 289
304 490
552 128
326 799
917 648
368 914
258 23
63 152
624 306
608 663
537 669
480 26
614 349
300 781
482 744
943 597
859 518
127 726
963 484
642 211
127 679
609 428
612 965
561 1
435 331
710 738
509 720
879 297
154 536
564 791
86 599
674 937
710 637
414 78
146 984
717 271
58 252
17 845
608 322
919 932
684 239
815 887
655 926
697 140
272 833
30 280
101 550
708 923
674 791
865 988
204 106
422 49
778 297
686 950
800 865
587 683
199 161
660 725
187 825
406 517
959 891
946 518
456 652
863 479
973 523
85 503
70 801
562 713
929 542
911 666
991 456
702 341
558 613
61 147
709 519
148 777
775 411
539 72
79 819
818 897
446 838
250 335
804 380
533 666
670 247
787 402
338 282
945 258
943 779
231 37
749 552
805 790
537 712
3 292
244 144
761 42
654 581
412 880
562 107
727 579
645 782
335 872
509 165
811 647
629 148
759 513
604 470
561 577
953 602
449 971
211 660
50 554
508 338
522 336
334 210
638 956
965 404
822 39
56 962
254 933
238 302
440 353
975 591
563 840
105 155
570 55
592 675
194 835
432 596
52 293
109 340
915 865
366 61
685 567
639 964
510 924
349 784
612 396
703 87
321 253
449 416
547 571
470 478
682 222
664 381
955 846
631 273
255 557
881 118
385 925
170 413
777 435
672 183
144 624
680 578
381 979
60 444
740 270
815 316
283 71
266 685
739 78
368 252
947 138
245 59
616 673
525 217
199 606
349 109
71 123
28 582
177 132
892 901
110 874
827 846
476 144
855 577
392 981
706 961
728 825
582 180
434 700
918 534
7 329
335 844
93 778
846 376
885 286
559 605
768 702
348 376
980 563
870 477
953 390
659 708
481 728
570 489
299 181
63 852
963 218
823 894
370 194
391 754
507 295
219 491
864 996
459 440
756 690
544 994
48 721
176 486
494 146
226 628
479 858
320 753
334 842
881 304
651 56
959 221
941 962
13 515
679 210
799 772
920 707
939 289
749 138
587 371
532 464
956 548
313 542
272 891
53 548
130 515
429 629
748 853
434 141
518 635
758 410
451 850
164 373
520 229
761 279
625 338
217 453
537 614
754 566
852 41
981 395
515 59
143 794
383 417
559 418
652 192
243 157
144 439
395 595
935 883
238 474
488 207
927 479
931 920
336 606
559 640
379 720
489 112
438 43
332 746
41 723
873 282
750 944
271 633
59 787
395 309
16 558
399 293
947 606
947 232
372 505
284 619
980 760
404 444
959 386
538 528
836 479
693 370
440 392
994 819
176 386
394 473
21 550
388 255
726 341
13 726
532 959
298 998
255 34
934 294
169 1000
705 686
937 467
170 450
669 956
84 396
782 197
87 523
94 317
900 112
294 931
497 309
523 731
284 205
749 511
734 365
548 694
511 988
807 739
204 948
278 407
939 555
388 307
482 50
999 635
965 551
87 873
805 398
184 440
352 554
633 655
430 445
343 868
435 361
204 666
904 800
508 788
351 618
135 937
541 678
440 16
804 424
182 460
623 990
594 516
577 754
260 698
373 351
430 782
839 598
399 257
36 129
183 978
941 130
245 277
743 58
836 1000
432 414
269 517
419 232
280 866
119 833
798 420
253 155
612 966
791 497
941 420
798 311
608 101
741 311
36 180
936 715
225 644
511 490
738 986
856 893
548 591
678 522
717 112
259 936
815 743
691 941
787 382
626 170
219 320
39 469
423 890
156 343
455 165
556 720
8 454
227 218
372 913
217 979
934 477
536 860
482 500
161 681
437 588
95 96
816 330
796 5
28 191
1000 760
89 447
403 581
443 624
818 860
339 295
493 865
429 974
247 587
654 185
362 499
114 662
95 407
615 732
605 454
552 238
914 493
984 533
232 810
272 181
643 70
258 504
389 889
813 266
795 259
358 169
969 20
241 957
365 943
337 482
944 342
432 442
418 869
475 380
718 296
186 249
405 89
851 137
229 293
339 477
795 669
234 141
650 667
561 44
82 472
138 503
855 326
656 376
16 999
521 654
881 773
10 141
674 372
12 627
564 30
548 397
202 833
759 923
906 67
600 852
768 96
523 214
967 575
146 735
720 248
646 16
189 603
481 649
360 247
379 181
454 545
290 734
365 122
312 122
556 805
587 659
412 45
755 447
367 589
886 599
777 33
797 190
726 12
967 242
501 173
682 110
3 727
544 387
49 859
982 469
825 414
240 202
389 973
818 753
655 294
749 455
870 437
753 908
572 448
437 977
331 370
166 384
240 276
101 957
88 204
506 705
59 477
630 20
813 588
429 835
412 951
828 15
25 334
373 358
7 156
875 44
892 902
239 589
420 489
296 791
577 698
797 998
395 221
509 215
184 940
496 974
978 446
851 52
279 551
343 783
448 609
656 70
931 76
70 488
608 975
880 548
366 563
556 423
426 652
889 986
963 447
301 631
236 791
481 495
760 105
138 491
581 901
608 45
265 144
538 840
722 221
150 530
190 479
410 711
177 720
759 569
148 55
404 409
668 702
745 845
785 930
806 532
788 7
441 916
299 82
393 25
677 777
384 756
854 371
538 473
293 641
220 871
138 852
924 869
88 765
640 340
569 114
237 36
66 165
419 939
227 18
924 148
626 240
711 316
882 810
454 762
541 157
726 923
48 798
970 473
187 977
737 852
632 940
550 36
1000 39
991 715
44 845
454 88
501 19
417 950
914 418
576 141
858 960
201 88
697 835
662 831
406 249
409 139
581 293
710 75
72 971
269 655
400 962
728 790
71 660
165 462
665 235
633 159
686 147
615 897
12 326
486 149
470 405
131 592
443 322
745 326
284 407
650 552
850 348
334 152
410 680
841 708
372 850
128 105
780 929
961 264
128 24
647 403
760 867
228 153
301 595
251 872
566 225
237 853
848 262
702 481
703 904
650 4
824 367
310 594
617 344
928 285
90 504
330 555
317 319
378 319
285 769
895 758
256 521
611 263
403 330
438 136
139 912
450 883
287 11
792 538
391 39
320 363
730 774
211 958
18 926
751 592
958 57
222 390
744 642
231 460
344 16
41 80
630 178
672 478
508 934
684 331
840 502
614 148
594 739
27 946
620 751
909 48
16 417
948 554
5 983
128 858
981 430
763 976
322 893
658 899
173 134
348 189
233 427
766 287
141 360
144 404
899 260
738 292
193 889
876 474
376 227
385 694
850 189
244 92
484 451
211 269
894 79
345 771
534 483
276 471
331 932
336 714
923 696
619 265
291 306
348 289
382 139
603 426
125 162
823 673
602 347
849 46
250 884
45 305
53 54
763 138
632 441
143 37
593 434
685 610
797 40
33 155
195 474
539 294
523 536
56 467
990 698
226 799
476 569
448 269
783 139
203 53
611 432
593 749
408 777
622 784
778 920
448 43
602 708
778 939
93 463
900 395
853 501
153 522
26 312
889 272
83 329
100 745
156 651
268 461
822 812
75 989
279 207
395 978
93 145
274 589
741 773
390 587
323 628
933 303
300 860
391 183
49 420
267 365
430 811
213 665
969 27
236 526
862 750
974 804
480 56
415 194
797 934
693 757
306 559
755 804
132 859
849 479
595 143
284 910
881 974
529 112
491 646
55 281
24 499
812 116
832 602
281 452
401 767
533 62
906 64
103 642
47 767
413 481
87 142
884 588
273 598
471 303
781 937
510 787
385 576
425 403
77 909
268 847
363 715
700 842
720 136
462 961
159 803
939 199
99 418
562 822
998 870
639 804
450 776
752 392
270 39
971 246
920 536
445 3
535 496
622 957
346 632
754 333
702 437
334 773
435 130
843 1
131 157
421 979
467 277
621 140
781 826
188 73
572 295
809 147
213 603
790 197
225 37
74 910
177 186
534 222
192 345
600 326
268 166
396 371
349 269
119 923
288 987
333 671
371 154
392 821
245 637
283 848
92 192
759 856
747 420
655 756
202 787
691 140
282 700
669 481
816 27
779 97
854 551
180 722
767 574
94 888
185 188
159 807
480 512
889 676
655 931
983 118
163 533
519 240
164 989
519 685
419 844
385 684
939 5
280 390
392 192
212 961
104 74
551 176
130 844
593 506
872 852
687 592
674 861
235 625
308 451
721 350
926 689
100 877
467 610
455 509
169 172
872 263
703 299
93 991
748 960
917 40
647 784
852 998
596 704
880 423
753 943
368 139
4 137
279 17
325 819
108 69
507 888
787 994
41 132
351 995
227 721
834 475
729 311
268 405
913 968
217 459
970 11
701 937
863 399
526 300
657 451
787 704
844 951
338 224
283 609
13 312
732 944
54 684
634 259
611 533
324 162
332 520
128 989
699 406
629 217
427 683
410 407
473 198
236 443
876 518
400 546
847 135
206 53
300 74
413 869
15 977
346 440
816 168
458 929
719 750
600 670
30 1
68 988
788 437
682 592
208 215
415 157
668 996
637 34
275 459
684 149
8 718
171 106
134 370
11 453
847 614
593 85
316 660
778 417
302 867
378 461
52 142
694 757
532 144
392 415
535 691
998 863
583 711
270 108
296 216
900 227
630 614
613 892
725 274
946 609
13 950
622 906
811 329
799 908
857 59
332 977
972 348
613 606
377 478
840 962
309 441
752 190
878 594
852 873
243 289
752 13
936 452
245 64
136 652
112 315
451 622
292 134
135 824
78 291
969 126
168 283
943 598
488 632
658 674
491 639
827 249
168 426
666 169
538 832
515 324
132 864
227 733
244 460
742 71
45 453
440 729
578 835
313 885
3 935
357 60
90 921
729 314
292 681
865 279
711 818
508 47
169 671
149 401
544 957
74 873
181 5
