1000 4898
377 202
394 360
786 534
453 800
203 1000
719 382
583 304
560 733
108 808
891 906
981 447
359 688
983 431
313 797
397 917
423 768
625 944
367 15
777 743
225 546
686 401
100 540
191 232
177 842
959 707
696 379
291 545
329 374
882 913
328 887
130 607
816 405
762 761
523 942
891 165
910 948
216 363
696 512
514 539
720 187
43 827
366 523
386 605
41 219
846 703
8 514
406 77
781 385
578 857
712 853
582 704
397 677
98 775
842 917
486 978
184 685
417 164
386 57
943 19
974 415
858 662
11 83
824 818
286 219
808 888
954 666
653 253
313 709
939 66
44 460
631 520
707 446
709 627
525 550
656 214
730 446
268 753
632 123
701 15
97 440
256 275
650 457
993 592
482 752
252 24
503 176
124 414
508 971
804 744
731 792
757 514
54 369
107 565
520 362
757 323
481 594
82 127
142 130
65 147
157 962
249 596
804 930
406 492
111 241
477 646
903 942
120 63
799 873
929 112
469 379
14 568
128 615
128 172
222 959
675 494
722 585
962 248
594 724
585 678
213 664
677 579
824 137
715 39
398 977
576 404
208 265
153 69
870 641
635 217
284 598
590 344
659 57
200 381
441 665
183 161
313 66
96 446
973 204
429 651
526 779
653 385
710 233
796 940
622 944
551 769
739 244
885 125
813 187
889 122
120 238
672 720
379 964
675 38
948 328
625 205
879 334
511 597
886 401
691 515
763 670
671 178
88 540
360 769
88 390
569 83
290 564
537 780
429 741
624 75
152 525
63 759
634 657
101 91
526 867
625 390
585 568
986 770
72 709
632 427
397 160
484 253
42 527
481 107
276 758
728 475
124 598
603 38
767 401
658 839
806 948
236 351
610 899
276 499
331 565
557 789
575 798
510 550
486 590
875 48
416 187
803 569
271 119
384 495
184 817
519 539
461 719
960 210
471 567
282 450
891 775
107 942
180 473
170 497
609 875
95 928
522 297
961 258
67 296
338 45
194 806
194 403
285 413
752 964
306 591
762 590
309 604
82 802
352 775
35 355
116 356
281 187
463 104
618 244
907 821
750 623
803 26
509 37
665 93
847 278
957 167
583 5
281 244
10 657
27 789
545 506
727 427
285 372
140 601
197 77
767 954
109 475
521 541
95 792
631 804
719 632
980 292
196 958
79 823
167 554
676 714
805 68
491 945
581 281
809 512
939 642
635 697
905 969
946 593
822 992
710 323
713 48
380 20
411 591
919 987
280 853
354 228
284 722
798 513
322 819
803 598
236 128
191 587
510 770
919 840
425 87
902 807
143 68
191 733
393 126
547 499
603 165
785 653
199 925
438 800
190 86
977 421
120 520
340 867
193 695
628 774
930 446
803 948
400 887
437 35
476 469
487 972
959 354
271 67
672 963
910 610
314 146
605 123
881 101
239 886
419 761
993 342
138 883
745 360
8 860
374 687
835 971
929 164
943 671
895 524
197 182
625 419
970 571
87 827
13 364
590 895
117 882
526 150
819 383
984 883
877 130
806 509
844 128
557 613
615 985
906 303
393 829
980 743
965 751
306 92
877 968
795 772
925 225
720 440
442 620
497 388
705 895
189 326
45 12
943 535
88 871
215 534
109 239
437 520
650 725
333 999
834 140
357 704
800 457
122 850
548 543
199 585
486 899
221 883
957 178
314 980
135 428
49 989
602 892
568 964
608 753
918 91
148 999
40 381
204 94
117 971
560 185
62 255
49 558
302 360
751 540
300 158
677 164
146 534
109 930
411 933
464 125
562 356
943 708
766 465
396 830
237 872
492 240
271 802
16 549
370 446
43 646
500 336
996 884
433 742
531 742
727 39
377 165
200 534
384 468
165 754
866 276
294 789
868 528
870 452
137 624
88 440
943 392
340 179
572 546
722 499
197 636
771 238
681 807
594 951
259 463
962 636
744 374
929 912
803 193
676 81
421 68
36 240
383 667
611 169
187 100
312 982
372 613
524 426
532 416
676 928
491 231
897 376
993 457
738 60
259 278
477 499
615 742
467 932
618 684
315 99
548 250
806 962
143 680
823 623
936 7
478 401
132 789
95 163
371 426
188 844
730 949
27 758
763 157
925 614
933 528
756 500
188 502
44 403
463 705
961 178
90 181
925 428
583 31
750 654
750 195
291 999
570 941
772 980
863 779
476 839
701 48
793 241
315 416
960 502
923 250
541 551
961 662
98 137
449 12
937 415
106 103
644 447
785 391
236 281
984 298
683 791
477 460
777 779
355 787
940 612
374 892
655 485
391 551
419 303
610 509
577 185
6 253
188 752
320 142
874 877
982 207
350 712
180 125
878 12
458 942
476 513
899 275
846 558
705 29
190 505
544 744
174 840
49 484
69 414
302 613
306 397
470 258
290 435
773 671
6 736
520 150
486 134
58 712
279 151
409 940
656 411
895 151
714 353
590 218
539 414
115 609
846 791
80 487
597 206
728 403
669 95
673 278
341 853
844 470
235 645
861 383
954 764
84 148
115 69
878 765
80 955
880 390
174 736
339 214
768 734
905 336
285 491
92 953
940 23
689 681
357 283
616 940
249 146
376 700
298 594
604 207
610 173
573 23
866 588
633 884
336 404
979 251
943 334
484 20
763 828
910 584
495 860
689 89
132 861
588 47
327 21
544 160
438 56
593 60
769 195
926 286
10 275
344 241
835 917
359 83
159 374
215 885
698 273
115 724
868 564
657 432
889 60
30 808
375 516
653 129
395 714
394 606
233 590
696 818
380 299
795 92
581 363
539 652
373 296
886 613
354 330
462 155
274 751
901 664
638 336
142 590
343 684
586 640
436 356
845 618
183 71
77 448
472 322
47 580
152 414
65 579
319 391
191 466
781 227
804 911
519 504
456 789
933 440
420 944
294 276
791 78
286 688
101 792
561 12
464 564
907 24
930 83
264 20
748 663
930 540
992 859
149 999
22 120
207 898
904 972
810 995
796 535
467 817
376 933
216 954
655 353
713 298
734 913
569 508
936 711
95 857
97 426
650 896
705 224
465 718
120 426
174 861
568 66
503 164
582 580
569 747
592 9
846 260
848 163
496 776
152 485
668 342
11 983
862 288
603 529
378 875
624 79
930 698
903 285
937 664
367 400
394 38
407 147
764 382
450 754
307 944
929 446
56 240
40 447
454 886
151 739
908 240
973 896
191 697
105 18
216 502
450 613
344 224
312 404
165 990
573 807
481 982
588 354
691 583
910 946
585 86
487 167
417 111
806 426
883 802
510 618
224 485
920 66
370 9
119 987
400 270
762 688
836 660
360 964
70 100
346 501
880 613
202 420
347 718
198 212
459 904
903 955
719 729
419 859
69 601
661 779
931 841
89 622
199 529
58 743
728 365
153 888
993 971
813 842
816 387
969 667
635 861
484 871
893 551
675 131
859 942
124 435
254 727
717 260
184 592
865 78
59 678
558 614
795 112
196 85
542 177
392 104
356 886
765 579
198 588
895 382
329 198
256 535
847 849
719 802
498 534
870 615
101 485
599 913
410 951
840 726
13 100
824 880
234 595
128 807
573 172
204 754
481 124
210 850
581 353
174 73
655 677
820 849
371 218
659 341
273 69
515 450
200 243
57 606
77 205
59 846
208 388
796 183
194 939
877 524
659 194
897 134
729 469
594 895
495 435
232 941
408 256
929 277
514 92
735 171
202 71
808 319
566 950
691 989
351 111
121 416
637 215
773 465
236 157
863 448
196 303
810 553
939 496
609 354
834 797
763 212
693 928
529 522
659 346
733 579
625 929
223 379
633 704
124 70
423 688
959 183
873 127
395 751
434 75
270 168
273 644
121 26
184 915
258 358
459 740
261 837
942 275
266 941
687 921
747 156
803 158
557 405
491 23
880 571
366 79
197 552
955 918
165 147
282 621
737 444
448 718
752 890
72 558
711 37
272 485
772 563
324 802
370 504
668 951
150 975
194 157
463 10
408 954
672 721
542 179
267 218
598 994
217 782
768 138
182 893
152 776
628 46
279 851
376 19
672 576
486 104
766 245
462 588
750 19
659 317
510 968
690 348
581 531
378 807
441 621
682 553
442 911
26 718
710 717
136 599
305 832
740 504
215 264
53 451
308 893
96 240
519 336
298 596
689 87
946 419
625 528
638 749
984 210
977 802
113 595
793 836
4 853
632 145
316 917
801 983
945 852
395 541
984 729
831 708
34 45
452 364
116 546
184 929
778 27
116 913
778 188
337 623
325 682
732 254
806 742
475 818
361 383
996 699
280 260
407 771
684 67
194 854
671 472
58 674
197 443
589 564
661 338
960 3
884 667
95 65
44 981
300 538
691 486
908 187
755 240
583 940
585 341
167 365
470 122
631 910
113 927
633 731
886 231
335 210
818 953
480 994
982 1
682 322
904 381
903 550
87 786
1 703
363 38
353 140
42 104
597 993
302 530
984 26
268 499
236 746
805 212
18 646
810 801
681 220
868 383
727 489
928 60
162 989
707 342
698 353
476 688
760 432
868 945
262 181
818 48
583 933
673 744
808 860
271 68
184 86
437 364
230 974
463 692
77 821
838 920
580 982
796 293
223 920
905 516
641 77
691 951
684 37
870 674
62 944
477 637
835 829
876 87
103 811
444 880
403 343
773 639
573 980
897 648
796 459
63 9
229 326
998 604
856 219
308 728
584 949
915 888
82 783
166 189
668 576
924 423
102 282
804 697
274 997
86 414
658 960
273 712
660 940
661 26
679 399
504 938
421 550
443 687
760 987
204 121
393 828
305 85
848 304
234 859
899 240
628 606
955 873
704 317
423 919
815 954
431 952
924 325
797 758
174 337
655 941
50 995
824 946
768 436
970 7
816 561
511 229
924 888
336 764
890 872
895 494
669 1000
877 670
659 279
397 331
628 59
97 607
834 551
133 415
905 334
908 539
265 751
582 11
51 583
659 721
418 692
420 688
438 819
406 999
354 428
881 941
138 957
729 131
641 95
589 758
14 667
737 67
370 599
277 565
73 253
340 627
630 86
393 950
730 873
67 187
180 797
252 674
433 740
14 31
884 5
635 572
510 98
671 97
588 262
488 387
469 175
417 13
400 516
126 86
488 220
647 327
245 387
999 595
101 415
106 859
748 272
824 663
380 986
295 130
900 446
6 590
97 219
339 892
374 909
583 33
343 860
696 902
785 253
308 513
288 715
47 489
258 896
593 698
206 890
335 488
889 769
53 1
189 667
395 82
370 906
795 786
199 98
458 296
59 506
157 850
903 250
186 952
128 909
656 317
158 264
209 15
879 267
529 726
847 498
282 270
8 230
174 136
965 584
656 785
472 499
585 383
880 538
782 12
132 677
297 579
392 522
230 542
857 269
747 538
767 333
16 245
477 540
900 466
662 747
259 826
756 356
901 66
960 514
903 354
816 332
924 229
211 937
539 888
768 409
398 196
644 29
261 558
515 3
653 61
603 677
859 852
589 959
236 886
495 620
777 534
151 304
210 345
47 537
581 870
697 645
361 648
87 296
470 400
308 43
435 677
519 613
594 499
493 878
62 126
814 99
796 698
377 67
692 782
987 32
92 415
844 52
349 360
120 667
279 605
799 591
586 853
16 704
570 235
57 20
900 681
133 919
262 240
172 963
423 335
671 427
40 272
87 176
507 142
309 832
933 203
662 972
790 241
705 528
495 32
350 752
557 560
650 146
190 764
411 241
124 270
216 87
108 592
931 368
18 360
199 886
420 724
930 472
978 951
777 237
118 409
377 275
84 214
410 801
529 455
549 625
549 455
182 272
148 875
86 944
810 111
42 245
777 939
298 155
101 821
834 121
526 404
105 344
170 466
125 474
606 761
804 235
910 912
239 667
495 525
539 468
153 836
649 591
120 785
545 304
586 18
17 450
291 703
570 869
697 859
148 585
148 134
487 859
312 109
977 752
254 105
374 968
420 872
487 432
778 236
49 578
467 207
227 761
513 390
641 713
532 837
679 64
662 33
847 837
810 419
569 232
712 614
202 324
205 255
466 365
194 870
138 555
270 652
217 114
110 964
41 962
633 288
482 899
411 94
694 225
897 1
735 503
737 322
903 981
557 546
797 83
139 872
636 938
547 394
544 917
640 967
471 951
628 295
519 31
560 527
831 281
345 817
536 964
708 545
674 452
285 784
380 997
38 551
319 498
39 250
838 372
231 164
211 784
308 233
184 364
574 25
835 293
832 706
813 405
979 227
340 244
690 813
748 788
435 93
74 240
38 769
627 945
403 388
150 37
234 288
631 564
699 840
487 181
819 195
710 941
95 907
343 123
733 747
700 243
846 86
556 725
112 353
791 365
580 585
854 621
322 255
514 981
143 938
368 988
865 498
519 734
520 712
589 928
926 596
691 759
191 926
804 958
41 411
744 69
899 898
960 159
423 225
582 959
174 71
752 674
588 701
291 594
454 130
920 172
406 170
908 333
266 553
895 679
51 968
675 25
560 255
438 694
75 840
488 837
4 783
798 594
668 841
834 609
335 865
870 355
797 766
139 186
162 593
566 413
760 184
923 678
366 66
4 577
167 951
701 528
206 246
98 967
335 475
357 703
484 9
928 26
233 783
640 89
230 524
626 283
203 995
937 348
223 492
43 439
320 645
154 964
157 888
321 935
628 694
529 528
902 254
781 184
308 110
329 492
862 347
699 599
684 623
758 792
775 474
633 196
305 619
766 311
106 364
797 811
471 52
788 490
167 362
830 446
359 233
598 800
693 888
987 599
881 203
309 58
992 79
352 697
309 975
560 899
659 274
893 248
248 506
84 427
690 314
926 171
430 76
411 955
513 275
103 178
589 83
845 926
547 949
297 38
63 337
722 769
689 943
357 521
709 292
146 318
214 567
638 736
220 427
217 296
515 458
203 873
117 228
810 697
959 123
373 964
482 534
194 931
981 344
766 869
675 381
638 627
14 372
162 437
223 572
276 634
73 163
840 130
834 60
603 293
178 568
710 438
16 642
182 206
609 82
559 872
759 304
798 61
924 608
374 430
708 258
37 787
103 328
597 136
900 130
571 26
767 949
46 69
406 426
333 195
523 140
905 296
249 959
46 39
121 537
729 487
987 330
915 537
109 818
771 307
539 712
706 260
580 235
44 632
104 297
641 888
386 45
768 824
397 642
120 311
626 921
493 985
132 612
829 74
838 489
74 940
689 130
982 726
280 638
482 801
803 134
197 891
142 419
354 499
829 752
95 385
977 82
936 169
542 609
47 331
196 37
793 846
308 952
181 66
571 19
171 19
202 391
189 940
166 845
541 301
618 26
284 333
812 81
809 918
404 703
146 362
955 724
148 527
602 113
852 821
53 491
433 116
325 877
384 400
737 489
973 456
351 52
556 737
778 189
815 705
571 888
991 125
657 527
397 833
90 245
660 758
790 342
166 75
39 731
423 236
176 123
121 7
874 591
338 722
43 715
786 627
700 538
810 182
650 892
300 949
814 892
693 954
840 23
750 638
633 391
904 892
510 388
790 176
556 792
351 891
834 557
122 360
891 235
891 798
529 826
27 546
820 537
149 921
367 598
315 385
616 535
734 572
925 382
229 593
656 520
252 164
587 150
145 962
605 382
891 369
170 385
207 201
299 88
84 900
105 81
571 951
147 220
862 992
222 437
128 789
954 99
98 853
281 307
943 511
709 280
692 189
770 579
848 78
495 110
481 939
354 411
264 292
448 1
122 88
173 479
198 520
768 70
922 487
863 543
837 267
114 964
476 550
615 612
125 726
580 87
42 449
124 526
643 238
270 451
900 736
903 142
45 751
462 575
980 86
749 97
698 67
659 858
571 972
200 490
914 913
249 505
94 235
277 260
8 701
443 427
209 823
530 917
892 921
35 302
556 165
664 296
496 421
508 81
460 576
744 325
190 681
873 67
747 227
452 560
259 948
720 885
865 457
493 520
663 289
333 457
778 739
736 368
56 802
983 964
985 413
432 546
309 76
605 114
271 951
901 585
34 747
884 63
116 161
96 891
635 979
799 940
905 548
526 289
153 523
196 25
669 800
489 612
530 776
658 931
920 373
335 630
836 201
766 800
49 245
14 435
786 440
571 818
515 65
411 362
991 497
684 389
316 175
123 913
420 355
781 371
748 234
108 823
72 485
128 962
897 244
62 907
903 672
647 623
562 354
923 920
391 742
621 623
949 733
17 340
353 113
879 75
848 277
722 498
967 543
744 326
507 660
393 473
512 535
824 754
455 579
435 553
216 705
922 989
560 360
62 840
106 856
837 852
309 336
129 301
438 779
610 344
350 953
810 886
153 598
727 630
320 951
335 177
138 933
966 381
145 965
732 551
421 365
206 134
647 612
961 808
998 754
11 379
198 827
234 512
750 169
660 100
30 395
357 700
274 513
666 850
696 441
298 997
977 627
816 293
249 508
854 219
513 347
53 125
570 642
699 112
679 883
4 663
672 400
189 962
741 160
547 341
335 580
484 258
619 114
489 71
766 743
748 278
597 935
305 665
881 293
735 390
536 701
903 953
136 267
205 457
370 240
729 140
484 622
410 389
586 661
899 540
370 607
806 665
65 638
727 164
359 515
621 428
371 314
508 82
236 992
699 24
937 373
956 567
422 298
932 261
758 613
462 422
587 840
448 779
728 568
881 627
587 942
549 251
808 913
91 644
109 692
588 483
425 954
703 427
279 382
134 330
265 513
584 364
767 51
145 638
333 620
19 494
594 935
596 839
327 789
230 277
236 260
229 534
603 927
948 68
694 1
436 859
734 390
682 168
973 802
559 89
375 747
673 880
781 239
462 714
432 898
969 988
803 808
267 963
951 78
648 594
976 207
847 499
589 850
321 927
191 575
652 414
695 69
206 776
510 405
891 395
313 242
132 338
905 361
688 887
249 858
433 981
515 341
710 514
434 764
454 621
354 307
19 938
259 36
675 410
316 179
816 492
392 569
445 273
138 5
765 114
50 812
294 468
713 962
515 887
143 606
476 860
605 69
423 947
209 611
18 33
84 755
527 964
714 512
469 524
683 432
455 914
345 648
445 925
335 930
727 945
15 896
213 220
213 535
433 1000
901 917
493 113
310 553
30 666
557 93
98 729
815 243
672 552
710 495
808 137
661 79
310 151
371 678
795 568
42 99
745 783
687 480
798 232
425 618
289 613
531 994
569 155
200 786
771 390
165 955
424 678
793 488
523 45
8 421
902 221
194 698
781 598
374 952
575 290
680 972
272 841
520 789
960 738
256 743
924 949
690 742
216 183
324 440
803 528
619 865
188 1000
773 495
22 565
521 295
117 782
831 395
8 131
686 394
104 706
908 123
448 733
625 382
937 439
519 595
442 229
261 879
868 217
282 740
923 303
357 442
948 168
910 482
967 712
771 399
418 970
312 368
422 711
103 650
560 36
615 684
135 219
891 466
529 65
732 584
641 370
698 712
861 327
330 244
826 475
482 110
466 500
836 320
970 867
640 544
861 157
787 742
628 172
439 913
79 64
685 613
781 30
249 314
267 724
508 526
931 358
753 311
233 389
229 965
223 577
294 239
460 648
299 240
887 275
282 277
284 49
714 682
533 811
329 195
38 607
533 301
204 307
973 966
133 889
237 568
282 203
908 336
141 918
893 555
696 11
351 543
978 886
922 340
961 951
410 183
542 775
891 562
730 259
315 266
998 740
824 31
880 758
460 107
559 339
134 817
672 392
284 409
602 140
44 155
378 594
548 413
973 214
806 873
459 165
439 540
101 967
834 404
999 348
270 929
141 487
290 769
808 231
790 774
132 962
574 953
519 157
153 489
10 873
814 144
726 160
748 65
950 246
456 705
862 185
511 878
681 207
41 848
957 128
150 819
15 693
598 146
221 818
233 671
930 303
300 328
608 445
106 813
718 253
649 365
5 644
617 289
357 912
486 555
696 976
587 859
529 382
129 818
294 25
503 311
192 36
857 323
195 612
965 636
694 24
200 782
111 726
99 642
521 942
721 969
574 501
844 274
564 389
373 28
525 175
11 387
354 740
108 901
490 344
660 487
331 161
661 752
998 930
649 216
210 746
137 550
375 185
655 684
967 32
723 214
311 540
204 7
422 458
996 849
297 988
544 684
525 401
502 233
267 353
340 681
714 769
949 491
182 348
859 301
634 954
144 919
390 963
82 749
242 355
637 562
108 314
453 263
453 850
728 451
537 492
276 256
65 550
689 25
247 346
8 437
278 404
461 811
694 927
247 608
552 303
384 161
59 314
265 387
777 833
342 479
716 498
748 889
947 347
549 888
878 91
54 36
147 57
920 887
813 201
923 450
448 994
529 583
234 431
824 147
682 644
844 832
187 79
902 385
242 260
190 439
190 968
592 130
321 769
673 498
401 323
380 1
663 18
401 652
347 703
439 358
508 920
577 385
171 38
46 369
394 267
103 783
368 29
659 212
4 503
552 535
188 706
744 243
309 527
430 277
105 447
18 666
134 679
345 328
154 308
458 226
44 879
153 171
760 637
775 531
673 26
582 513
835 909
767 527
312 547
922 446
222 575
406 584
8 487
227 253
961 842
462 495
602 19
881 89
659 337
845 66
773 485
901 304
638 780
409 883
586 325
321 580
312 745
766 11
288 651
18 540
241 652
662 326
518 652
960 771
298 918
104 644
103 3
433 584
485 927
548 742
188 953
661 892
343 580
15 882
795 627
460 595
317 267
815 636
102 908
249 420
910 288
656 847
701 457
16 601
200 262
329 280
139 909
864 674
974 829
186 914
171 391
115 716
778 766
84 707
911 245
472 646
293 952
262 38
445 11
587 908
716 181
628 634
497 251
95 648
833 524
744 225
597 705
854 945
432 381
965 941
80 275
640 529
56 622
571 490
384 496
384 37
884 787
520 605
373 620
373 935
541 794
191 319
47 26
983 601
359 340
109 98
950 568
992 244
313 856
10 940
462 653
462 250
322 301
192 473
234 409
803 774
806 534
13 994
792 64
421 706
973 917
23 114
117 83
879 540
598 89
240 664
343 913
569 402
236 780
700 553
16 446
791 706
702 342
958 828
447 945
197 513
559 707
371 839
765 857
472 337
508 140
104 262
603 490
937 719
477 785
959 7
762 532
351 172
321 218
835 663
514 738
804 686
70 341
825 807
477 898
557 296
723 13
143 364
889 885
211 353
982 565
108 840
588 934
587 135
698 853
312 317
349 200
648 257
425 648
657 391
907 195
653 475
216 665
417 339
312 172
757 561
325 782
868 929
797 123
428 181
583 935
989 9
184 976
332 985
996 7
423 825
338 560
781 679
710 280
786 1000
72 849
199 704
588 183
878 546
467 869
397 20
392 447
634 14
778 804
502 909
99 629
16 733
334 353
36 347
454 478
354 114
833 614
282 593
893 975
285 602
514 369
970 927
271 411
735 198
974 639
349 573
775 634
685 67
529 321
675 702
861 751
308 668
537 846
261 476
118 394
804 992
689 273
84 880
433 453
659 914
659 585
658 579
183 499
932 627
838 596
147 976
519 827
439 605
334 678
745 892
10 402
980 426
233 235
33 390
126 784
270 469
611 356
793 444
831 513
569 787
157 498
682 296
987 856
626 172
874 619
56 261
438 912
59 365
955 833
810 321
513 342
286 25
514 654
950 32
939 651
720 529
984 709
291 415
210 601
465 743
283 431
85 316
109 867
588 165
483 64
992 144
973 413
740 651
371 205
466 532
767 476
197 841
862 480
582 82
976 644
973 622
756 513
922 957
481 91
743 664
545 292
704 114
908 261
492 754
587 929
142 207
678 13
615 491
882 31
378 91
757 71
41 229
47 539
566 301
489 404
30 484
58 694
536 69
188 392
523 55
230 450
529 460
285 771
142 579
622 20
823 856
194 693
756 176
976 817
648 430
61 231
597 346
583 458
728 487
503 331
252 28
569 326
861 508
791 823
844 389
259 478
795 446
445 78
708 724
825 136
594 652
18 928
85 269
607 776
223 839
279 3
354 479
65 912
259 237
174 743
285 288
985 295
70 852
568 995
456 968
769 550
536 354
566 812
658 330
591 883
336 947
758 938
597 498
47 913
298 703
881 491
386 255
125 733
755 7
970 712
564 551
410 862
966 758
456 123
314 121
338 749
262 218
637 818
2 745
503 497
947 368
14 484
569 440
456 864
309 258
995 818
284 934
258 23
258 576
577 136
960 304
832 613
993 428
959 546
174 750
656 238
566 832
492 867
517 766
965 990
900 412
187 20
225 652
724 245
463 928
799 217
897 385
640 268
162 151
915 975
290 909
681 11
719 455
701 515
297 370
722 648
635 610
409 899
528 71
483 419
919 916
434 909
133 55
915 358
517 107
757 630
665 677
242 485
649 163
649 630
332 287
744 895
986 614
728 985
653 497
910 58
199 977
108 465
455 950
492 947
208 402
425 940
902 686
581 894
979 82
915 615
555 949
133 185
279 78
956 484
282 267
510 404
487 171
587 690
203 964
772 971
755 21
332 271
704 725
199 314
672 148
696 725
268 428
658 411
259 850
626 657
881 671
273 275
21 671
332 209
61 952
581 17
109 680
748 369
194 347
855 21
717 412
291 687
808 24
183 944
185 465
721 828
274 416
423 891
483 513
191 698
43 259
403 9
56 557
735 482
807 540
884 271
977 942
924 742
483 622
281 983
637 550
893 668
710 818
949 853
367 112
419 554
791 573
350 791
701 533
633 780
480 972
65 594
83 592
780 383
136 264
967 546
213 944
162 930
198 475
471 219
806 593
400 568
666 953
216 386
425 13
10 267
995 390
410 609
357 363
396 524
715 478
788 382
556 242
756 615
960 848
153 206
5 853
216 448
503 952
804 670
43 303
40 686
628 311
862 346
259 588
368 69
8 460
779 840
483 407
651 546
943 53
638 328
659 632
749 849
950 818
519 642
527 368
829 739
6 940
38 985
792 852
410 12
84 91
763 989
641 920
507 801
715 99
398 741
661 758
42 976
647 173
854 220
979 805
107 751
454 251
995 257
98 762
6 275
317 604
193 355
891 686
912 100
676 5
343 11
236 71
109 975
75 316
756 925
977 469
777 48
327 965
562 339
82 828
232 156
655 580
753 708
720 986
628 429
495 886
380 508
478 303
351 551
683 303
174 996
249 769
112 347
939 785
276 489
683 859
408 951
919 379
480 841
523 303
376 416
837 253
188 385
765 955
734 993
182 23
330 369
956 98
206 921
741 231
444 489
59 544
88 387
489 958
603 591
537 322
760 971
77 671
940 214
905 76
797 379
138 959
265 928
213 431
803 877
995 33
184 155
18 225
574 509
740 432
705 370
869 89
284 788
728 347
469 561
770 379
699 67
956 760
977 293
406 665
61 391
286 949
444 702
357 409
893 606
503 427
824 752
625 193
333 629
22 178
722 572
117 144
496 416
514 963
376 971
166 740
819 843
508 531
434 60
588 149
699 801
757 885
973 792
985 821
577 602
352 45
523 969
780 614
638 381
306 324
142 571
399 164
812 563
475 287
169 178
153 904
423 637
797 954
48 231
832 506
946 119
694 88
973 127
73 847
717 14
556 327
22 186
225 465
134 318
597 830
983 725
110 867
680 38
596 368
992 531
460 136
886 227
689 499
397 949
818 140
711 890
266 263
659 551
604 567
803 765
648 71
681 201
371 226
777 43
962 963
154 772
834 505
321 103
321 682
797 69
395 50
824 928
159 608
291 942
897 287
578 55
422 274
633 817
617 687
675 926
835 394
469 219
585 457
622 269
625 437
22 520
367 882
571 911
831 3
284 921
927 362
103 916
949 921
586 997
58 852
417 431
49 450
159 472
768 266
879 530
937 818
365 916
850 244
98 625
591 731
617 90
908 847
279 493
103 224
514 905
343 156
96 308
510 695
919 983
956 392
777 445
247 288
357 149
360 92
345 885
424 964
586 909
616 240
367 460
222 780
557 12
997 837
392 215
319 297
750 519
735 123
631 613
793 142
46 787
637 612
366 486
610 754
749 500
124 243
35 613
508 229
401 741
861 124
405 938
556 672
282 733
943 223
835 830
308 718
529 962
977 195
643 572
58 945
367 356
931 917
313 968
55 794
152 917
173 853
535 68
701 550
324 105
768 250
830 951
41 950
845 64
406 677
685 539
654 79
909 253
702 896
345 751
824 193
109 457
271 78
529 144
42 585
132 256
406 995
169 275
471 330
357 112
766 323
470 506
381 362
472 988
368 348
33 401
497 67
6 55
399 794
372 531
330 176
946 136
518 114
345 982
98 214
180 187
437 89
920 944
169 353
978 761
831 169
95 496
428 620
937 32
306 711
56 654
643 9
2 716
313 212
277 267
820 444
924 972
685 693
708 269
13 886
520 378
514 701
665 99
30 132
206 965
225 491
347 952
738 264
44 409
905 919
981 169
714 667
198 632
36 679
609 29
810 118
386 260
243 382
657 473
889 458
707 258
998 498
672 981
855 906
197 657
860 828
773 472
660 389
170 949
598 546
174 21
608 958
326 316
641 395
881 782
384 49
954 178
274 919
633 523
44 513
279 362
483 703
835 759
103 38
656 328
859 883
696 335
603 995
764 123
438 370
32 887
278 934
444 410
62 985
13 565
289 607
967 387
881 435
666 344
22 886
902 92
61 212
656 980
17 711
455 64
574 573
325 207
397 242
532 787
148 712
441 501
630 74
462 93
905 679
799 491
873 953
216 616
308 106
15 983
471 145
36 5
808 5
992 947
609 955
630 847
439 951
988 501
547 576
762 293
675 787
983 353
839 447
348 601
771 219
763 389
336 267
545 12
44 508
444 479
582 604
624 968
345 38
98 765
972 69
205 849
352 651
276 572
133 213
444 219
889 783
230 748
504 491
103 317
589 588
363 883
876 515
744 738
643 239
477 695
596 164
174 773
222 661
763 776
928 122
941 516
889 614
376 805
581 557
285 224
536 275
213 310
346 389
73 715
310 232
165 736
242 754
577 189
918 909
815 239
74 873
656 779
507 33
750 95
203 741
555 584
809 405
39 390
556 748
192 972
708 122
266 469
837 666
34 428
804 152
309 614
259 772
790 865
822 54
597 501
423 948
836 173
10 32
301 130
428 782
692 952
217 918
279 913
626 446
456 404
681 636
666 287
757 265
351 150
351 621
445 105
523 731
376 812
106 800
196 127
816 780
659 291
756 524
633 388
120 837
284 970
111 502
56 179
768 946
309 425
628 871
57 251
582 978
848 623
483 935
689 880
797 207
84 209
11 275
394 546
190 811
713 712
418 838
734 399
98 744
699 739
791 988
832 147
960 472
707 596
375 404
730 840
893 599
309 805
908 827
517 918
866 910
854 657
225 852
988 867
746 5
763 929
850 201
514 745
14 606
608 110
533 348
521 873
182 178
206 955
924 404
135 538
233 420
413 227
216 33
640 414
146 990
511 938
717 747
884 845
421 969
117 948
443 129
10 113
961 229
581 742
822 566
932 983
594 980
510 171
681 733
196 136
774 119
153 929
614 301
279 161
100 821
391 573
676 267
32 362
950 227
770 413
220 561
497 156
159 414
850 79
825 944
339 430
30 278
641 488
515 345
845 840
719 228
211 476
44 919
169 917
84 368
963 856
345 794
51 434
486 402
760 25
507 635
897 716
763 28
858 474
922 764
979 389
483 616
49 632
707 809
360 509
810 867
751 654
352 572
124 389
630 896
115 830
279 190
137 379
727 976
672 346
480 163
412 400
51 336
463 32
126 457
236 172
35 322
717 112
772 782
386 759
831 557
134 344
728 364
963 944
339 439
858 134
586 3
141 725
143 218
841 426
237 278
737 344
204 20
191 370
406 365
655 491
544 665
561 605
33 337
454 596
750 506
403 941
704 702
321 129
998 837
940 181
340 525
396 226
17 648
291 908
608 346
773 9
757 726
404 802
956 471
978 123
454 134
118 965
393 970
263 947
486 793
633 875
541 147
74 769
550 342
403 724
830 344
698 596
906 895
407 851
946 845
377 267
727 48
30 981
622 787
588 935
992 877
757 1000
849 383
558 353
168 1000
190 671
582 539
578 886
398 407
727 804
21 948
957 103
560 69
291 614
688 607
119 81
484 754
305 139
159 399
18 218
954 837
576 160
594 787
321 448
762 930
836 289
781 20
713 289
822 259
662 887
41 404
204 832
614 161
669 223
636 975
84 971
106 690
267 160
896 304
806 791
8 271
184 6
793 168
647 61
869 264
618 447
139 295
584 227
69 479
50 643
824 599
215 650
236 525
221 841
513 743
459 92
171 982
995 821
923 48
869 852
375 448
216 770
522 466
750 244
861 964
272 792
4 587
349 347
593 786
120 569
870 167
467 550
265 783
598 867
416 307
108 332
18 100
418 385
863 625
437 606
733 703
649 267
354 76
176 347
797 585
85 401
265 592
359 733
214 255
380 806
237 619
532 525
809 896
810 985
556 907
354 841
775 1
63 819
876 16
912 962
639 506
676 13
796 474
806 82
511 568
756 267
968 646
96 777
192 61
581 136
484 736
305 754
213 985
99 916
896 480
624 421
625 892
610 95
556 442
332 871
569 615
297 342
98 980
688 151
45 187
908 741
709 212
30 490
728 166
470 584
514 409
351 819
310 618
630 799
939 493
831 28
423 414
284 369
672 100
268 667
195 909
817 389
642 501
793 879
590 551
992 882
755 270
812 114
206 993
206 602
190 127
84 338
252 985
992 700
165 521
126 114
558 48
634 225
851 605
634 855
729 646
548 78
297 620
752 92
143 476
436 330
384 880
683 372
966 158
991 770
704 324
815 787
905 251
301 383
324 388
690 884
286 749
582 584
537 561
628 35
962 747
357 243
710 419
340 330
692 743
179 25
197 922
716 958
456 327
312 460
600 906
423 791
392 612
463 983
581 804
752 856
635 110
683 439
400 169
532 642
661 124
293 779
629 253
405 3
715 52
653 914
29 301
198 535
561 853
2 881
170 990
299 100
49 743
979 348
196 594
135 113
90 99
666 917
589 67
346 578
310 491
439 853
8 893
98 300
672 62
690 693
584 176
566 330
531 245
588 962
37 415
542 692
790 233
433 788
106 242
838 195
108 95
695 736
845 307
315 386
778 163
580 414
117 805
835 824
285 988
675 833
434 963
673 709
698 833
249 796
845 558
40 86
115 698
59 921
369 670
628 695
444 168
502 612
692 9
450 652
309 870
309 721
623 942
647 137
207 524
668 50
581 330
915 207
983 348
521 934
708 311
844 339
791 999
974 76
777 203
651 404
64 362
90 920
559 198
729 181
89 278
905 444
799 613
375 541
795 46
373 539
628 385
907 258
695 606
930 97
805 532
203 545
422 269
832 670
961 384
602 802
266 643
233 135
325 553
713 704
678 999
398 720
958 275
454 601
796 547
467 773
327 355
433 632
973 429
986 612
715 110
817 794
115 20
889 344
208 935
206 912
525 428
781 375
965 37
640 340
519 593
710 749
276 235
8 414
688 219
18 821
393 945
194 505
569 981
345 67
8 475
2 273
349 198
313 541
756 887
478 506
8 109
192 143
763 21
564 501
266 272
158 296
308 736
236 178
468 917
864 619
633 474
960 874
332 805
209 346
762 272
104 292
531 853
588 290
145 520
862 218
844 321
311 63
95 882
41 845
902 459
615 518
454 160
675 848
931 953
751 168
56 34
58 977
556 509
778 92
796 787
923 925
446 379
896 712
716 867
309 699
996 36
76 295
675 944
830 221
617 221
380 596
855 207
655 402
421 241
70 155
876 561
845 938
679 887
315 843
152 787
738 990
190 165
102 861
418 715
790 997
202 370
375 524
481 947
777 254
338 553
437 561
583 29
42 93
477 612
904 994
331 81
611 172
625 183
640 794
106 259
124 534
749 123
144 342
259 521
384 229
647 930
793 532
60 480
355 164
671 800
708 736
910 92
696 691
418 749
695 112
536 864
536 92
919 875
812 172
637 704
691 722
800 721
880 217
648 326
106 283
236 112
631 338
996 416
578 743
232 336
859 944
288 473
436 863
65 867
442 969
115 408
858 812
376 620
692 69
325 636
230 263
458 642
350 193
314 430
596 214
10 712
908 685
671 83
174 473
584 256
471 542
640 583
329 951
622 867
76 164
522 385
760 908
723 256
483 743
384 846
948 64
907 524
820 686
361 652
486 494
658 87
899 652
826 993
167 769
204 525
740 687
745 534
101 13
600 303
772 93
51 463
676 439
879 509
146 636
91 990
754 639
458 827
829 708
334 535
672 129
675 633
106 107
877 749
215 906
159 905
312 784
276 449
625 583
693 38
157 450
138 368
582 886
753 432
507 728
438 469
22 574
958 652
388 316
772 738
409 721
191 649
970 714
162 638
159 848
254 925
274 250
681 330
993 250
436 980
315 68
522 852
118 413
669 3
836 994
58 50
540 887
548 896
237 950
114 68
826 558
519 800
956 459
453 178
263 45
653 986
613 260
674 33
299 707
235 736
438 59
673 793
698 894
145 918
682 33
973 50
897 85
316 428
559 464
320 354
926 262
211 808
513 591
640 92
279 82
343 496
823 479
892 322
203 840
774 330
633 983
423 527
523 413
284 962
874 277
639 909
378 907
453 150
922 75
350 347
365 639
315 93
932 275
762 568
559 310
392 120
48 389
854 24
893 51
283 938
844 755
519 740
352 198
425 240
353 883
320 773
796 846
619 821
410 935
197 471
320 224
258 125
829 242
408 530
298 273
10 714
804 734
637 372
30 1000
508 328
751 614
147 25
271 501
115 995
793 212
43 469
481 298
649 709
889 200
980 241
801 20
893 91
877 769
587 106
106 614
726 66
681 692
166 363
450 811
903 870
812 620
466 615
50 989
464 764
931 499
738 550
290 898
772 949
820 857
956 615
313 483
919 24
133 893
482 506
139 85
699 585
35 758
548 179
201 296
738 212
59 966
208 508
975 348
461 305
279 302
780 465
598 584
760 885
638 755
313 46
159 702
970 278
34 815
309 205
735 737
314 847
95 139
777 334
905 852
410 218
328 348
729 69
468 31
893 415
514 619
271 714
657 993
537 160
757 458
171 987
922 177
454 524
559 708
280 171
673 1
69 802
109 788
343 882
884 630
200 771
663 650
663 785
8 513
261 177
616 576
191 463
319 538
947 739
689 451
404 613
142 886
375 633
502 99
657 652
658 864
932 869
220 951
665 550
922 604
316 227
560 316
482 215
340 869
447 534
335 173
586 128
589 162
249 869
347 572
366 264
406 931
465 307
409 606
907 958
23 451
456 629
682 114
295 126
65 723
575 920
82 60
427 828
134 859
728 1
676 318
788 859
769 383
273 498
956 740
901 362
174 853
463 3
247 502
581 935
674 267
142 657
97 963
141 695
366 879
771 446
496 399
774 310
281 62
408 75
282 774
887 255
467 715
747 543
547 421
622 81
922 966
734 911
532 758
398 978
147 592
461 687
814 582
396 145
72 295
56 839
418 303
922 235
229 235
367 240
902 37
795 509
173 886
870 164
947 883
603 46
202 712
626 270
681 502
692 183
385 591
720 601
685 572
279 736
781 829
969 130
839 86
72 112
734 999
131 489
2 90
727 788
371 361
668 401
151 383
333 9
873 949
40 894
605 595
108 115
188 870
236 517
809 605
57 800
314 971
325 296
685 328
171 405
421 447
210 104
463 302
317 155
981 370
180 365
785 965
585 995
537 497
116 66
405 540
617 675
102 873
412 930
531 706
713 555
680 914
2 751
432 731
632 469
333 853
407 178
48 113
672 726
194 270
233 654
568 498
788 277
433 718
96 365
495 95
832 330
67 389
376 24
582 184
154 123
658 159
417 157
806 657
243 342
748 254
777 32
688 48
486 999
28 784
79 226
586 333
749 751
870 329
855 55
434 703
591 614
334 591
498 572
763 447
781 52
967 567
803 686
293 516
853 894
331 228
41 145
889 269
903 44
65 941
686 761
211 676
341 733
908 310
396 562
272 155
825 91
539 264
278 348
996 415
366 330
389 130
101 253
122 921
493 733
656 49
767 92
965 388
750 31
236 430
92 427
408 286
75 872
621 499
443 780
493 110
834 577
542 150
706 887
691 687
769 485
315 48
487 255
17 364
930 962
552 369
291 487
771 474
710 126
370 33
225 383
98 999
120 836
603 53
566 187
713 725
454 641
471 317
511 783
647 147
903 606
795 369
7 112
814 640
122 561
211 685
486 465
254 845
511 599
361 7
124 741
205 620
556 788
226 28
335 217
430 839
514 577
587 61
471 468
765 494
737 648
679 613
720 791
370 201
315 389
118 476
445 164
709 738
893 688
108 290
785 936
951 677
109 578
682 81
918 652
133 918
749 812
284 919
746 399
893 801
820 455
180 489
56 642
735 763
570 746
846 489
57 23
585 887
903 599
280 447
597 147
84 314
488 877
361 225
640 431
162 498
733 414
730 821
147 81
441 185
442 297
633 743
392 990
745 560
331 945
374 584
692 499
694 491
344 214
453 674
682 636
455 706
681 839
449 31
889 318
281 593
853 553
763 792
548 193
403 307
958 860
4 535
574 74
317 304
596 179
209 666
357 705
727 13
16 487
787 255
441 19
511 328
305 548
619 935
632 497
890 733
10 762
637 906
376 531
657 354
294 550
4 700
507 998
429 553
323 12
671 636
753 447
728 939
544 119
302 363
903 602
138 708
29 382
22 890
497 446
80 354
960 487
119 873
230 761
766 636
892 257
838 504
324 664
803 816
1 224
293 599
351 886
204 374
858 570
153 692
911 761
132 841
895 78
549 91
751 896
581 55
527 255
121 253
453 440
393 955
481 166
210 361
708 741
375 432
178 821
324 657
483 186
127 362
912 601
402 535
455 878
4 828
152 18
616 742
65 759
80 506
583 39
90 745
822 686
197 526
881 629
311 821
937 510
810 116
39 945
80 345
939 751
707 177
254 514
965 867
760 233
90 270
182 631
611 38
476 336
424 769
22 236
132 47
208 701
979 315
483 318
526 496
191 524
692 231
270 783
714 52
863 776
769 160
116 219
777 295
523 368
118 692
411 225
795 871
311 925
467 61
132 699
862 472
833 850
154 254
120 397
174 832
230 429
372 567
207 414
185 540
204 277
385 405
704 256
223 157
135 250
300 256
429 782
530 677
735 633
767 464
930 564
931 446
829 887
10 859
758 614
797 622
544 446
488 826
141 235
509 988
589 23
555 708
207 307
59 999
813 388
479 179
669 159
81 821
683 311
231 563
343 85
14 627
542 664
672 630
686 832
710 472
876 494
640 879
897 791
215 776
993 283
371 206
686 155
138 823
926 817
102 695
719 499
14 788
625 496
699 28
441 618
478 801
279 869
925 712
649 238
893 990
939 268
344 976
897 49
588 595
58 706
630 265
23 341
334 224
651 238
191 244
243 742
585 664
605 256
215 167
628 794
900 260
719 184
223 167
459 465
500 405
10 602
722 170
107 221
513 114
471 398
395 945
755 716
350 741
441 514
632 310
566 130
10 886
28 856
268 386
966 754
824 391
922 677
662 155
477 479
978 731
647 999
660 255
981 695
184 984
765 898
787 743
996 224
166 239
133 677
704 572
830 667
826 662
51 29
487 955
588 780
790 560
629 3
648 457
560 534
922 165
135 645
635 971
258 646
896 963
911 69
456 495
455 660
352 753
796 395
983 535
584 416
393 202
676 987
308 906
80 964
924 746
578 79
814 841
835 241
376 821
449 129
268 707
514 743
768 214
346 405
56 232
932 841
38 776
330 337
187 440
208 414
498 718
46 550
305 578
213 644
180 73
251 646
352 548
425 358
542 729
101 936
924 856
905 954
104 878
581 740
729 235
358 679
487 175
204 555
145 426
733 553
57 883
39 248
153 26
778 120
291 905
773 272
777 949
785 218
640 702
861 676
453 439
36 353
803 522
258 122
594 183
223 75
315 314
192 821
357 528
11 37
728 529
378 733
252 412
586 979
218 28
53 963
450 79
812 811
209 439
500 741
419 457
926 409
216 501
580 168
380 312
838 643
628 887
237 878
928 885
774 731
6 107
814 452
27 18
176 322
285 416
182 500
876 466
876 927
122 78
453 890
862 48
862 645
397 909
138 968
331 975
377 663
154 403
193 447
