883 872
657 223 -148
312 433 -322
509 310 84
387 478 296
303 162 914
572 620 212
726 214 -158
135 557 168
223 143 -6
766 210 -507
403 9 -791
341 392 -648
143 711 108
879 111 813
634 516 -607
507 801 -784
355 441 -741
298 453 -95
47 159 543
784 714 97
248 487 11
54 341 -416
684 814 36
881 338 -782
716 51 159
872 367 -778
257 510 943
87 441 -764
512 708 773
39 703 -828
131 429 -398
630 836 -683
336 556 -29
113 724 377
328 307 86
11 98 -288
257 466 -23
344 213 -318
514 142 82
810 346 464
595 455 503
719 696 -704
832 170 -136
165 625 -956
481 33 -721
326 280 -868
824 378 -622
601 620 -380
765 298 212
600 802 -826
235 419 231
149 871 362
536 752 734
790 384 -832
206 712 -57
389 50 -447
597 211 207
836 495 700
675 207 166
274 774 436
589 598 792
629 476 -817
101 516 -719
201 707 894
790 660 -225
139 163 -131
371 233 887
134 43 -203
687 768 -370
365 89 182
784 133 -713
311 98 -649
671 158 -346
308 825 962
415 20 -970
90 63 -576
832 231 174
658 752 -93
316 231 946
783 274 -135
730 418 -568
510 450 794
802 732 796
805 655 710
749 563 -763
537 21 -925
709 275 849
841 138 -262
182 740 -403
413 814 607
747 135 -589
423 773 -85
210 326 -234
303 60 384
391 756 475
33 104 498
107 835 -563
319 590 401
66 704 629
93 11 580
590 481 -626
277 158 -889
201 462 -274
666 730 -974
684 707 717
728 271 -88
767 55 -221
514 468 393
499 546 -159
646 741 -816
544 199 70
742 390 -636
693 213 -715
677 512 -307
804 808 420
42 518 105
28 213 300
855 872 742
425 79 738
463 854 642
771 395 382
408 667 -549
520 328 168
264 788 181
250 793 -934
505 808 401
652 398 280
244 169 -357
595 430 -96
320 697 35
238 314 694
150 754 963
738 140 433
849 291 368
49 412 440
432 290 108
866 525 -786
70 667 -865
584 547 900
759 42 -789
568 620 -144
747 5 7
518 827 212
85 310 873
748 258 279
695 320 -492
159 214 516
228 408 914
369 239 -989
157 759 105
65 93 960
338 815 -365
583 99 332
221 689 -606
786 320 -145
100 507 -50
717 396 599
882 174 -338
695 766 29
102 243 46
490 127 -836
620 484 -996
438 35 -86
866 342 -338
376 595 -43
346 738 185
46 415 978
358 708 258
780 2 -688
766 153 -978
272 389 -345
786 266 705
419 176 -493
753 331 664
586 741 -804
202 848 384
30 271 -608
745 538 -229
84 16 -281
854 446 42
299 384 840
381 617 -542
216 299 878
863 27 444
125 604 -70
307 380 -889
697 686 901
116 579 538
788 700 468
214 379 -380
330 468 -740
46 875 522
314 796 -544
218 332 613
692 868 188
338 128 327
262 443 -824
764 405 942
745 347 -164
689 572 -977
21 31 349
680 443 317
721 466 763
659 608 952
411 588 -702
478 294 -15
406 465 -771
425 811 290
211 52 -840
694 107 195
738 641 728
161 263 -173
575 559 235
247 600 391
675 169 189
185 426 -331
59 257 -771
414 27 541
260 752 -177
218 847 651
754 158 -59
830 654 -470
68 118 133
394 724 -518
151 228 -598
719 273 -28
843 441 913
331 765 -730
60 496 -166
776 668 516
781 58 616
880 836 240
332 252 -680
82 39 646
229 623 806
486 482 8
387 153 -431
48 800 -294
232 83 -615
136 853 -682
169 46 224
550 380 -977
350 294 892
840 423 816
62 796 -240
581 632 -226
121 73 59
772 240 925
762 880 388
624 140 251
468 829 -557
855 751 -279
785 283 -869
100 519 265
803 723 -573
370 119 -280
25 425 950
230 813 -1000
485 811 -569
147 393 -901
674 165 -756
805 528 211
688 604 367
532 761 -627
54 673 383
300 509 965
24 831 738
631 208 730
205 406 199
288 231 -187
556 717 274
482 39 -527
458 629 933
642 540 773
599 237 28
351 882 -440
84 312 -109
440 127 456
588 337 -892
814 377 127
366 680 758
654 789 403
406 227 926
81 162 69
12 34 -183
786 346 712
3 310 374
285 623 -904
21 379 -124
828 252 254
811 144 183
445 309 -739
325 167 -941
491 111 -122
152 853 862
393 860 -746
401 14 379
87 733 973
43 651 -191
345 595 648
274 804 396
344 383 -753
883 393 156
583 659 -353
62 490 -416
256 583 -373
274 554 416
198 585 632
184 145 -189
177 407 -705
721 558 -97
857 667 750
681 758 -38
136 185 -131
449 437 830
781 559 -802
130 471 -119
756 93 565
699 508 856
147 199 -935
249 694 199
287 561 521
287 630 -605
450 692 609
823 196 -373
650 782 906
883 481 -405
838 853 -187
251 232 953
429 696 129
437 20 -953
694 882 -184
597 636 404
459 647 494
545 765 621
525 284 936
729 178 -947
612 121 376
2 656 -106
876 678 -320
484 551 322
719 610 289
444 639 -56
794 254 32
737 241 -932
503 160 -827
871 580 633
192 82 65
537 620 -262
255 830 215
803 500 -460
298 99 -351
457 557 418
640 180 673
861 835 858
121 147 -910
372 471 726
569 100 637
602 540 139
486 443 255
353 842 -27
478 748 -786
510 717 550
90 816 538
876 782 311
177 683 -351
281 39 922
351 479 -658
79 47 682
701 784 -538
806 593 -513
8 544 637
440 71 -145
408 2 829
405 544 -811
233 184 556
398 536 671
873 400 351
22 269 -910
353 872 -180
63 447 -560
482 393 663
526 579 -380
868 364 -59
367 539 770
883 226 570
2 635 137
759 159 -969
653 577 160
830 670 -577
432 657 131
321 843 -515
268 738 557
502 811 295
799 222 -321
544 735 -806
91 854 -289
825 585 -237
704 824 -802
428 479 -850
131 457 619
746 190 596
348 538 339
878 788 -458
672 238 -61
414 692 984
528 605 -524
232 381 -902
191 741 349
782 368 646
220 811 -170
500 174 784
555 56 423
4 765 278
240 262 -664
310 849 -128
69 254 -263
461 699 555
855 244 743
337 83 -61
858 807 -395
25 429 -353
461 775 -711
422 782 717
17 862 -661
353 395 729
395 651 -443
457 489 -206
427 492 -330
506 664 -20
364 456 -852
375 241 671
169 138 -589
202 655 664
320 199 64
106 155 432
68 198 976
327 488 -732
250 768 -446
418 468 -473
150 329 14
727 342 601
339 92 -886
21 441 -359
880 228 -544
415 781 -219
752 584 509
544 824 -424
791 729 767
312 337 675
598 305 -774
640 239 871
474 166 400
750 607 -676
35 609 676
726 242 -480
692 641 -934
636 103 -31
130 858 -823
220 275 741
169 754 585
513 622 -885
56 9 639
292 114 -807
305 461 38
396 759 786
851 562 -785
12 655 -570
848 718 -852
485 561 578
265 127 350
505 799 -253
845 428 859
162 396 -284
593 654 -696
159 551 -510
445 67 641
517 660 321
786 828 -740
777 737 -373
493 116 -243
759 588 -978
182 450 632
94 393 -628
243 145 -118
797 152 575
726 55 281
610 143 -356
630 724 228
767 54 808
97 637 -845
70 569 64
778 486 54
282 92 382
269 447 -132
447 467 980
546 421 444
744 700 -391
231 41 343
213 283 191
828 436 -91
428 843 435
174 334 -744
357 262 -366
427 687 -990
561 700 91
670 266 -889
290 272 520
859 11 365
29 750 -742
261 6 376
636 380 -144
442 417 -885
372 345 24
35 542 917
566 774 857
749 747 -774
58 129 -698
597 272 -520
313 219 402
679 194 -883
212 675 -212
100 172 -613
336 541 -309
480 327 360
593 701 952
39 226 -406
157 738 -121
563 253 -7
849 506 -647
351 478 922
120 454 -261
589 265 -352
484 635 877
522 855 58
737 448 -94
532 254 902
154 177 -421
298 78 492
734 241 560
849 663 228
418 705 256
695 232 632
651 858 602
784 715 -716
220 568 967
281 259 788
850 167 712
827 871 10
251 543 0
94 442 -501
476 199 -951
230 237 283
172 179 362
32 864 220
346 733 837
834 634 -554
714 166 -586
855 443 799
264 727 82
694 191 -554
65 294 309
797 221 -764
411 410 904
734 467 -431
506 201 -154
609 369 -789
101 784 218
594 388 505
638 185 -337
587 27 -290
353 25 -73
558 32 -534
555 191 -178
521 627 -739
292 355 879
584 201 -787
837 585 -852
256 365 -299
570 704 45
511 82 313
86 514 -758
877 794 685
742 162 -440
730 4 -284
83 837 -513
211 779 99
517 818 786
859 415 -339
106 123 152
607 128 510
52 408 -21
42 736 191
546 4 856
239 856 -374
635 730 -801
418 869 -701
729 492 384
214 476 134
642 556 715
843 859 302
694 640 -861
218 741 -769
250 118 -133
800 277 -423
413 510 754
717 384 473
455 673 -635
508 356 -213
489 649 -346
53 415 -548
410 702 -934
457 255 -240
311 520 809
754 543 512
790 194 244
544 325 -204
476 560 870
35 18 -896
834 214 295
214 448 252
554 591 507
162 234 -334
321 729 -676
367 510 602
647 630 965
800 6 -285
177 153 -348
31 803 265
278 617 -732
732 72 -884
465 698 765
769 720 846
877 631 837
653 341 -839
629 561 -126
699 665 204
261 864 -825
406 56 444
490 619 747
786 859 74
495 348 613
13 136 -617
301 318 440
109 413 742
378 789 -180
822 653 -278
318 883 931
498 626 817
719 522 -225
112 613 -19
417 71 -268
720 567 984
167 835 462
244 785 -802
33 23 -675
245 490 -381
156 850 992
695 603 -561
625 188 -10
874 410 -228
90 95 748
79 264 -945
342 491 -466
786 142 -313
710 172 -175
52 166 -838
106 57 588
463 338 950
438 491 -513
456 69 488
282 361 -46
718 484 -778
491 208 -222
683 679 -87
197 610 -746
113 734 253
575 289 -844
46 110 725
35 628 -838
528 661 475
154 81 -188
614 554 193
470 820 -635
697 497 542
254 18 354
193 301 -47
47 683 980
344 248 880
872 792 811
710 610 -762
761 768 920
770 537 152
366 797 737
441 511 -10
291 704 180
231 345 321
227 434 994
610 282 516
63 824 -126
199 474 186
86 141 -678
180 576 -439
516 251 -125
235 623 -839
524 833 -673
607 362 -123
809 733 137
877 662 385
353 443 -593
416 629 -533
487 501 137
408 41 -947
101 328 -734
237 333 -158
450 508 -550
379 692 734
816 117 -645
393 303 485
209 547 -510
611 746 -615
379 97 -219
551 300 -136
641 166 -169
764 315 420
659 612 164
297 36 -342
30 58 628
608 177 -526
86 341 -207
631 151 191
135 8 575
333 332 464
242 43 196
365 9 50
189 513 -927
758 245 648
266 363 -975
140 225 376
483 564 -847
808 755 -784
597 42 866
579 188 -192
301 300 -9
477 737 -633
474 5 963
798 556 549
230 466 -476
250 843 -182
65 639 664
573 134 600
550 449 -739
193 601 -988
803 623 -249
420 106 -222
739 71 -317
98 465 517
505 497 465
215 594 -791
353 334 -168
475 404 -60
493 174 -265
122 252 -642
262 543 883
203 882 -348
326 239 360
179 581 937
148 326 505
428 857 -661
842 148 778
651 658 296
618 494 368
859 109 928
260 312 625
141 304 191
639 186 550
242 17 -712
324 286 109
642 558 -358
431 183 -474
445 790 694
740 502 -579
221 528 -851
581 563 -151
457 711 0
785 620 -336
142 9 -369
199 576 204
588 128 147
92 243 -127
618 108 -53
375 694 -833
124 123 569
77 443 517
92 341 -584
541 592 28
844 283 -746
772 233 -613
551 683 -583
514 355 -490
393 504 59
385 56 -156
488 125 -866
36 161 893
631 797 847
435 581 550
802 615 -862
552 703 79
432 358 37
852 151 -689
591 494 -447
604 654 459
87 542 354
279 766 551
212 785 792
375 279 -742
771 392 -759
836 352 -667
651 203 437
493 622 -853
264 74 203
42 242 -822
520 132 -522
761 127 -783
170 107 -515
205 674 -28
576 725 407
38 484 388
122 658 228
221 490 -152
227 252 630
409 316 -688
634 579 -244
721 139 810
356 756 -203
470 660 782
148 18 -834
307 800 359
225 222 -630
61 376 12
823 309 550
661 622 830
488 511 -701
727 359 -398
192 390 538
582 733 490
783 414 290
229 165 -942
87 162 858
218 569 665
620 513 607
657 112 80
627 299 -287
830 443 343
278 374 182
25 617 -645
679 10 -298
836 832 -515
362 521 283
658 228 -923
61 365 331
468 628 -329
562 488 -191
844 658 294
152 460 -340
671 724 -2
815 373 -117
315 418 -919
278 124 -917
762 829 -859
364 622 -459
62 341 -131
