902 1760
234 619
453 101
648 35
541 694
232 830
871 862
637 183
420 449
748 160
754 68
849 149
274 497
734 557
243 870
544 377
636 298
21 37
265 6
176 18
668 73
815 138
644 405
901 695
369 622
104 280
431 471
879 30
386 458
225 773
687 61
801 842
733 271
789 519
23 624
603 815
784 328
288 301
566 688
554 533
834 376
176 375
677 468
10 796
408 36
136 489
120 238
655 680
395 859
12 811
269 179
679 488
250 567
490 685
737 466
684 63
431 179
386 182
521 622
321 590
90 159
201 637
715 314
331 238
116 261
21 417
832 312
118 718
179 131
702 152
677 17
259 894
82 38
262 887
375 687
533 690
340 159
825 90
784 460
587 7
81 444
720 31
441 31
27 409
73 337
226 356
192 759
502 611
698 762
423 370
346 47
500 234
46 751
15 467
606 232
145 564
866 109
726 28
397 885
749 736
793 113
856 218
820 448
145 854
275 19
98 107
235 635
878 483
257 544
120 638
781 514
303 889
894 692
884 490
351 355
411 424
475 192
419 847
875 457
547 587
677 211
661 36
493 39
595 800
542 543
212 494
656 748
622 124
565 228
205 820
848 856
676 371
184 869
867 85
607 452
835 188
121 705
8 18
21 633
801 393
13 196
289 603
163 126
618 285
782 247
894 891
553 96
148 716
280 358
501 343
46 664
620 184
115 601
76 176
560 659
280 32
12 431
158 410
572 509
609 784
131 692
705 4
314 306
127 428
227 876
432 68
345 805
125 703
440 388
374 892
748 823
815 692
329 336
114 826
90 366
446 39
821 426
866 401
236 272
677 818
573 570
171 678
815 379
690 758
682 883
650 783
155 529
725 106
283 11
51 23
661 56
609 383
539 464
97 357
67 119
893 63
882 304
524 765
252 24
472 169
556 783
130 627
862 544
739 173
775 358
288 267
205 358
136 431
696 818
303 267
695 700
257 848
884 833
355 552
248 622
582 589
533 391
516 542
791 530
68 708
283 251
358 491
89 56
222 650
836 351
862 353
864 512
800 173
345 141
803 550
692 429
141 503
73 385
755 16
723 900
819 409
224 10
201 293
222 118
208 406
246 679
48 47
359 892
185 317
756 62
240 347
58 318
134 529
173 596
641 898
487 707
76 686
737 236
61 383
709 142
417 723
823 577
384 73
352 579
614 496
605 552
771 362
728 141
254 519
224 508
519 724
859 665
236 824
367 422
385 627
674 270
551 227
370 288
709 394
749 369
445 730
870 357
799 641
822 663
507 763
109 24
570 602
222 329
739 865
393 573
861 889
201 707
1 494
720 599
168 361
3 767
33 829
178 245
272 199
475 448
839 306
420 25
721 407
763 124
19 765
884 66
831 581
429 230
533 203
366 707
794 802
61 645
77 653
851 488
270 638
424 767
468 521
111 145
149 436
189 743
443 276
228 83
525 366
290 161
386 726
650 884
26 42
209 378
564 388
685 302
152 742
512 337
177 885
16 155
695 288
220 781
478 711
135 727
797 368
543 380
809 168
901 871
541 182
122 709
90 554
715 588
696 176
678 64
195 704
561 631
505 72
609 245
310 642
494 784
100 882
821 293
640 806
628 390
351 67
660 611
293 523
275 16
581 334
504 238
434 809
73 127
147 74
644 628
795 630
387 741
583 751
290 606
373 543
70 495
260 582
709 806
530 155
363 374
18 506
510 778
391 27
127 358
896 287
366 325
774 710
866 779
9 319
214 787
106 248
125 546
773 28
221 740
120 52
583 885
822 182
627 26
246 393
842 93
298 34
61 423
798 373
664 889
703 388
201 890
827 193
152 444
737 777
190 888
374 702
361 64
715 734
92 208
402 847
395 245
354 97
706 458
857 78
530 28
110 771
662 479
289 602
715 489
317 760
692 114
516 381
167 384
44 622
654 856
622 870
897 626
133 635
861 210
572 592
478 201
722 526
511 3
832 130
212 108
742 89
48 181
183 281
387 697
526 574
702 650
561 653
466 53
14 875
352 655
480 505
305 831
421 86
741 695
726 510
603 97
641 409
698 279
644 719
69 501
693 16
223 161
13 238
310 226
121 79
714 220
789 852
834 232
166 694
861 499
138 444
781 256
117 482
142 896
883 855
593 366
442 76
796 389
435 39
296 204
183 776
510 712
774 885
496 732
799 450
673 295
83 460
142 162
728 418
670 112
369 633
852 882
822 643
861 423
225 752
707 577
790 742
459 335
479 693
757 476
746 8
833 664
690 38
537 220
3 325
189 849
887 863
694 26
716 582
181 680
754 615
777 401
238 804
593 160
642 167
355 823
673 142
360 56
807 650
316 300
1 857
572 311
595 584
564 118
403 37
790 546
340 843
266 154
578 851
869 267
364 146
510 522
276 627
413 283
356 289
640 278
791 427
512 107
89 718
553 785
145 300
390 403
303 120
469 667
471 822
221 671
174 192
123 190
76 387
862 806
669 878
51 171
824 288
262 193
598 446
671 865
564 301
787 6
830 424
316 99
66 173
49 35
675 499
382 441
422 741
850 151
264 643
743 277
46 191
484 627
471 253
109 154
111 842
758 242
528 345
827 753
845 242
774 621
788 576
215 403
452 508
693 191
381 120
400 537
538 358
725 441
565 570
512 239
775 676
341 305
627 776
810 488
452 507
682 536
222 895
423 42
25 591
580 290
374 799
505 425
626 877
40 482
757 544
591 537
176 55
433 21
183 570
59 866
596 465
579 517
29 838
765 647
433 102
866 660
616 73
136 819
323 883
303 882
591 58
247 874
626 868
842 868
703 690
593 42
403 890
314 93
667 236
23 567
690 720
656 448
604 398
514 377
899 401
78 29
80 396
145 64
56 380
437 130
165 600
780 107
334 473
698 25
600 454
72 191
434 36
109 561
519 234
564 900
527 90
255 774
881 230
807 175
902 316
401 871
540 582
231 420
242 286
155 701
34 73
388 45
881 759
659 106
695 888
541 733
104 599
198 842
159 720
351 376
714 546
275 745
77 141
379 870
115 749
27 380
154 729
85 627
128 436
184 646
539 12
614 576
720 466
11 631
654 495
36 441
495 26
333 726
192 256
194 60
507 47
177 538
478 177
568 79
281 675
211 180
776 11
141 225
860 4
867 74
683 89
573 794
542 646
799 253
380 555
701 64
394 378
254 167
274 417
311 377
644 253
7 47
157 337
480 170
83 119
629 635
297 226
576 445
869 172
800 850
621 262
610 36
49 722
249 701
123 545
740 379
189 235
47 582
835 585
638 48
895 20
99 437
612 480
351 811
746 145
361 354
716 390
902 747
449 522
88 683
843 781
534 116
634 55
766 509
144 540
291 735
327 154
723 689
595 868
812 806
102 884
288 831
110 814
80 748
887 164
876 461
74 6
96 428
247 737
308 665
480 643
589 160
59 279
405 186
555 37
142 888
216 689
22 8
498 361
579 231
893 549
204 557
28 776
530 871
536 492
539 73
405 82
635 630
797 283
691 861
295 888
651 183
299 602
285 365
124 699
589 415
457 249
519 553
64 415
841 662
829 652
368 585
298 667
559 772
401 229
735 829
149 570
276 182
370 57
498 527
740 194
668 615
773 487
13 492
162 467
1 825
335 572
891 199
360 328
505 750
115 875
739 430
299 682
287 420
437 125
478 899
668 180
669 877
529 624
879 815
132 412
23 272
842 143
237 177
104 250
809 20
80 131
702 206
862 536
305 184
849 804
663 824
460 56
83 514
524 164
80 560
190 693
618 426
158 692
235 291
733 32
815 15
455 132
365 593
261 693
210 95
239 280
593 233
352 335
152 465
64 115
151 133
110 96
655 699
469 378
163 502
323 390
383 736
581 101
840 876
675 480
809 732
534 622
700 761
333 653
221 625
850 610
544 14
658 122
721 780
358 78
305 485
126 250
471 543
468 188
617 485
371 645
21 845
138 261
677 326
774 847
628 577
278 499
336 219
299 481
748 861
692 198
238 715
846 28
594 13
252 137
442 619
464 121
668 554
902 577
636 771
259 442
745 231
768 826
118 100
580 55
708 12
320 800
877 516
165 211
819 688
540 366
396 579
588 546
463 512
824 206
440 877
292 643
702 211
185 543
684 12
633 153
148 260
403 683
667 253
64 539
691 243
260 314
328 191
525 531
108 41
147 543
666 629
277 143
558 575
423 815
519 901
894 790
348 719
42 692
395 617
556 384
101 301
709 792
345 859
734 784
454 739
490 42
867 213
650 303
463 774
357 405
801 551
40 175
726 54
113 834
296 371
243 822
814 835
508 808
104 624
892 67
98 5
65 769
69 388
368 893
350 745
264 9
637 652
151 804
141 281
31 675
773 682
407 555
376 528
530 891
418 544
141 902
746 547
288 603
473 158
309 85
220 459
96 217
459 546
210 177
856 142
379 145
659 323
522 444
501 217
640 404
113 481
613 793
264 871
506 391
20 763
39 846
830 26
476 322
556 415
864 377
518 738
24 365
134 684
232 827
681 302
130 60
345 155
699 773
402 511
774 543
104 531
882 884
573 144
207 603
705 280
597 794
874 804
393 495
217 261
390 54
721 838
886 54
246 145
819 123
768 556
349 323
354 664
148 760
39 123
43 425
618 47
449 293
782 655
689 773
771 340
282 171
585 562
896 93
55 121
64 111
877 709
382 843
464 37
728 320
434 247
186 474
22 27
830 468
61 52
388 260
338 603
623 463
887 761
557 347
615 800
891 366
603 751
2 490
682 408
4 172
151 207
265 389
444 600
533 57
94 474
280 145
871 152
683 373
225 352
742 399
639 198
183 892
332 551
423 135
300 5
818 61
66 630
432 730
605 323
861 526
164 829
506 897
623 603
433 106
197 556
224 781
281 577
637 14
654 148
470 320
580 293
712 266
441 818
82 437
501 231
892 19
785 648
350 20
251 10
530 70
734 446
55 44
609 701
8 495
100 288
525 268
598 834
312 869
524 703
483 265
691 876
148 667
574 44
634 897
162 587
163 510
663 437
594 19
726 161
283 521
702 845
328 142
534 66
703 772
141 113
586 821
66 807
295 781
353 100
155 103
214 29
287 185
661 466
135 686
851 393
325 844
497 3
586 828
399 236
533 811
622 294
254 348
769 680
75 52
100 577
711 99
676 199
236 718
475 117
460 172
742 320
174 236
406 725
576 797
351 42
120 633
100 477
811 540
134 130
241 242
390 409
295 656
284 473
714 863
308 524
664 573
559 640
121 807
360 41
787 163
511 148
32 36
79 572
589 462
529 167
115 516
151 308
597 191
735 406
880 467
257 833
901 611
415 677
629 361
372 179
182 579
510 730
367 823
413 864
840 212
52 285
550 249
574 702
278 412
502 190
273 681
455 268
222 41
165 251
282 649
820 604
433 502
624 570
4 738
133 771
283 340
39 350
827 70
494 635
242 496
44 607
621 71
442 893
454 366
811 586
425 628
597 187
550 67
644 601
205 573
445 697
281 392
289 472
570 14
366 624
385 55
135 231
698 708
164 547
112 718
422 346
10 287
765 338
434 217
551 262
226 554
204 289
74 387
590 406
176 329
692 418
325 711
632 785
815 873
274 611
386 41
407 861
536 698
807 783
435 198
189 853
561 351
669 22
393 267
231 336
565 165
142 313
115 830
443 247
523 170
545 153
728 615
197 812
273 619
533 834
422 899
17 433
575 690
765 768
823 782
580 406
381 861
291 289
85 630
390 738
583 92
130 378
62 597
891 184
785 385
880 124
820 27
90 594
889 538
92 228
275 572
738 212
750 410
441 840
540 454
872 100
800 182
786 505
774 192
408 260
282 767
28 708
488 594
341 80
559 252
300 786
621 558
325 588
553 790
254 200
611 447
331 570
246 541
219 343
409 13
747 3
198 547
401 323
22 395
562 148
522 179
36 568
590 873
721 654
868 896
32 282
587 426
423 467
211 590
763 645
838 209
11 290
412 92
437 68
120 139
798 498
301 202
398 138
697 798
385 151
61 553
29 704
820 765
852 816
9 762
504 83
32 384
606 820
809 470
246 242
473 534
402 724
481 632
427 740
357 875
710 220
272 756
200 511
593 120
779 24
667 372
307 85
698 623
492 5
257 470
478 547
140 339
340 893
367 595
762 626
362 612
181 667
112 233
21 834
480 434
282 578
691 290
871 677
489 36
417 327
228 476
836 521
671 7
675 886
360 236
699 653
295 307
463 402
302 355
18 874
455 782
153 36
282 151
384 845
193 827
452 493
556 560
449 353
550 210
701 777
66 855
344 610
557 601
493 478
681 824
44 854
462 182
283 513
213 474
714 810
801 327
255 704
617 212
410 122
432 35
125 426
327 377
272 897
560 666
207 798
362 703
80 201
170 656
636 832
140 901
109 688
202 1
402 114
663 315
429 827
63 543
401 681
122 472
846 338
261 243
615 179
782 96
718 59
305 688
153 63
320 825
669 532
569 314
329 106
739 368
65 900
741 83
243 222
480 700
282 309
284 465
826 215
358 701
383 717
446 208
581 667
806 468
170 363
334 112
279 266
697 56
371 544
141 455
895 344
559 90
686 598
266 735
377 48
359 448
452 115
297 407
235 888
515 602
899 586
628 864
721 856
562 690
175 133
584 741
838 478
804 346
415 456
94 611
191 265
766 208
159 258
828 422
740 605
598 343
415 836
876 474
338 851
179 884
571 566
405 181
545 461
18 455
737 326
11 748
144 15
863 137
702 244
46 486
871 516
450 352
434 636
459 57
603 475
842 877
253 19
275 484
422 896
555 449
510 397
205 481
479 157
27 123
216 821
779 370
521 51
610 518
316 458
542 521
446 861
657 2
824 878
624 123
275 493
576 521
832 733
119 711
638 762
475 754
331 668
893 546
587 24
402 43
65 342
402 217
798 661
730 247
749 185
677 103
872 776
408 173
76 72
794 180
261 624
543 677
710 447
753 341
551 158
221 254
259 695
424 75
297 195
669 437
559 714
636 117
885 312
762 719
449 246
784 550
658 847
553 789
46 32
196 757
362 854
199 360
81 563
728 806
503 605
569 665
470 160
737 552
30 88
548 541
897 856
168 55
29 459
456 754
152 810
636 850
471 81
308 693
130 725
140 560
593 54
755 75
871 781
234 109
346 156
437 67
497 216
249 386
319 99
52 256
199 20
789 212
99 717
794 823
778 400
588 319
29 770
867 602
448 55
551 703
666 701
667 108
326 329
535 828
90 241
143 292
755 193
439 658
867 824
463 118
366 389
732 106
805 364
862 424
647 147
776 435
71 182
445 594
574 186
614 392
126 246
704 292
624 459
812 700
695 784
475 782
423 621
262 287
375 340
879 754
717 585
501 238
535 733
44 856
653 818
310 853
147 837
559 184
233 840
383 635
441 480
810 558
391 491
567 57
643 591
557 462
101 135
121 134
93 397
224 137
294 876
315 745
62 813
104 217
125 242
235 267
55 60
129 877
610 309
871 581
30 624
604 283
317 508
121 900
333 295
508 729
437 308
594 3
462 190
430 423
373 402
521 72
711 197
568 45
620 206
586 74
554 326
662 464
428 318
158 678
63 210
337 583
376 177
660 669
646 87
457 28
299 440
27 863
106 828
899 305
41 468
211 765
484 859
402 415
452 553
300 613
870 148
302 897
506 465
569 322
660 676
369 292
124 669
329 28
499 364
124 839
204 295
398 438
593 331
297 591
692 478
785 95
877 497
826 548
439 314
791 396
119 845
301 587
305 818
440 604
383 432
176 118
87 762
473 770
296 858
814 252
395 715
363 223
643 874
590 615
48 139
863 154
557 700
135 645
507 354
697 457
332 276
814 293
266 429
896 423
115 620
799 885
436 535
664 487
866 895
133 593
189 95
317 565
512 817
514 662
551 74
863 308
476 881
120 575
596 704
854 786
455 546
7 32
320 378
429 131
545 698
215 221
834 367
217 860
767 609
717 268
894 817
458 132
773 86
518 876
99 17
