881 1092
769 706
788 634
875 778
133 671
124 715
880 612
264 715
254 834
184 815
655 124
631 533
609 583
236 650
1 64
165 119
140 867
142 444
190 65
782 682
377 170
250 97
579 672
377 709
742 862
30 66
696 538
475 621
838 579
416 784
38 32
343 781
375 327
804 406
388 573
686 49
292 757
677 208
333 249
249 595
126 383
609 615
424 295
796 122
867 812
562 446
198 815
574 366
182 622
761 733
610 29
669 359
742 871
848 650
238 229
467 157
105 354
839 428
212 308
197 115
127 443
769 648
339 441
233 260
8 817
37 506
672 835
272 440
568 42
488 740
286 12
309 510
707 556
161 311
881 573
564 820
151 8
651 419
455 420
256 69
2 12
880 84
280 662
368 371
846 806
644 203
306 682
373 718
424 529
821 308
505 355
745 35
279 746
804 634
531 829
205 283
739 360
798 721
707 60
134 220
544 94
452 831
109 804
818 540
444 178
214 313
844 641
200 407
529 583
312 305
143 352
101 82
640 402
802 500
456 393
807 403
415 374
396 868
539 203
566 742
178 808
735 213
780 407
829 9
457 717
69 676
735 673
186 32
814 485
266 152
431 880
794 757
144 316
103 292
878 556
116 391
608 252
565 243
371 360
750 380
462 266
856 626
303 441
38 63
393 323
458 485
763 38
123 648
201 272
673 563
279 538
341 267
854 727
278 2
300 639
370 746
651 688
644 871
472 617
381 230
677 203
192 761
552 637
127 730
704 236
519 180
513 681
743 662
247 332
841 238
260 767
600 596
824 874
751 763
554 69
410 718
814 287
505 657
175 170
284 656
294 188
431 414
38 522
868 17
836 334
568 506
437 531
497 600
30 650
22 295
259 573
616 421
538 748
842 100
214 89
148 249
745 769
594 89
811 695
654 281
653 762
734 829
666 140
148 682
784 371
808 381
868 534
391 529
706 463
107 50
579 613
264 613
59 534
644 765
219 608
529 776
631 48
487 10
853 118
384 810
483 20
188 118
28 707
79 127
423 339
781 604
583 848
746 673
163 231
242 373
324 404
253 125
248 447
286 70
241 626
467 38
613 673
338 175
501 450
212 64
140 293
422 436
420 759
405 714
82 380
635 194
274 842
690 427
273 676
329 17
37 425
646 490
610 540
561 701
555 682
302 614
479 273
519 799
181 112
712 412
832 233
677 289
177 48
53 583
490 394
357 861
375 402
718 828
356 519
372 44
158 320
396 507
180 435
59 280
389 716
864 781
853 809
105 464
142 879
641 489
843 558
334 692
712 784
719 848
120 187
405 723
561 146
137 45
526 658
559 658
241 234
464 30
636 256
449 209
797 512
752 66
330 861
636 841
3 839
615 156
467 554
529 46
338 244
152 31
35 421
617 480
440 306
265 622
430 869
171 805
780 141
153 630
670 363
174 679
696 26
241 312
565 106
126 109
102 109
649 639
219 127
15 351
749 703
67 132
782 72
404 411
147 209
306 47
752 446
165 297
533 519
151 631
627 590
497 609
616 553
563 34
73 91
791 736
505 609
478 638
470 331
748 495
805 636
776 709
361 825
779 742
20 813
800 278
362 17
346 28
153 365
874 707
8 299
694 165
54 431
231 322
355 230
636 416
692 370
362 728
396 213
214 674
193 249
619 654
34 862
332 537
634 392
63 86
461 445
53 875
275 28
250 109
812 535
715 624
690 128
553 1
821 448
189 474
282 41
263 452
490 436
31 793
660 613
330 626
225 33
492 757
587 624
52 343
801 605
171 517
383 164
436 706
485 588
832 722
263 583
560 150
695 405
797 2
393 817
306 649
695 571
279 588
234 854
331 332
494 648
741 861
786 138
310 643
344 389
829 655
526 95
603 859
736 20
283 376
148 130
292 782
207 783
150 667
290 844
85 235
86 747
582 336
124 550
537 490
418 114
237 858
224 152
222 631
690 689
773 403
82 880
715 116
12 339
303 819
784 741
637 282
701 389
533 824
211 488
133 233
645 312
343 355
128 57
767 467
73 374
293 403
491 666
443 324
64 426
662 107
550 273
34 186
267 326
834 58
440 574
302 177
354 457
556 141
81 62
62 424
60 99
851 123
339 344
504 161
124 772
352 543
864 245
217 391
816 589
808 635
67 398
782 342
742 819
26 767
203 337
70 797
288 175
345 511
778 272
542 457
368 552
876 729
95 700
362 15
87 220
665 448
857 508
706 258
589 863
651 627
760 31
366 267
693 565
536 476
42 784
462 697
793 435
804 657
780 614
36 763
514 756
777 714
628 298
53 640
200 829
39 145
387 556
94 210
262 303
863 778
238 182
160 411
542 640
360 215
689 544
520 800
274 356
349 491
84 245
810 110
446 287
374 616
434 469
117 18
33 609
455 387
363 315
549 30
480 822
71 462
314 302
423 298
477 680
390 326
439 732
837 663
4 14
732 195
534 814
553 125
653 796
38 34
95 600
530 105
615 747
872 411
787 101
579 570
859 704
503 62
285 871
787 700
650 548
501 827
115 507
830 413
253 677
527 284
811 855
719 582
514 694
1 873
766 357
839 743
623 334
857 675
98 676
748 675
109 171
506 143
731 187
243 422
793 850
736 302
479 558
276 254
283 560
45 124
60 52
854 679
441 148
355 221
754 159
348 90
281 451
816 653
262 506
512 796
281 586
675 143
448 608
64 538
596 408
613 582
365 730
278 681
447 607
824 697
139 168
508 660
467 451
68 216
477 270
568 22
96 518
313 183
737 144
498 522
106 609
395 231
193 387
744 266
753 137
441 531
846 664
79 636
596 586
667 746
444 372
222 548
14 479
230 442
441 278
562 597
154 729
755 264
496 587
770 585
94 739
714 80
814 705
11 69
215 87
312 655
306 655
572 477
866 67
283 30
7 348
654 628
689 435
129 502
464 755
567 595
95 388
846 835
756 116
275 750
768 460
769 134
744 82
106 289
297 818
757 250
569 744
808 34
686 758
597 468
120 668
406 844
678 94
159 773
278 233
8 276
254 188
354 622
4 758
9 639
8 220
582 305
447 846
446 781
154 178
584 163
734 367
764 572
619 453
18 792
542 850
877 667
804 397
99 112
242 713
694 427
754 250
307 619
78 138
864 456
162 722
578 818
529 353
274 391
1 776
850 499
556 385
309 523
127 820
498 392
506 774
877 171
580 829
858 472
360 707
230 754
405 602
643 870
48 745
78 135
810 806
468 631
422 434
843 673
161 169
318 723
852 689
605 271
515 398
505 337
45 291
775 748
782 473
421 295
301 560
588 344
522 53
555 33
771 390
721 432
543 193
98 263
111 379
765 508
603 449
26 827
372 403
544 333
244 779
78 161
543 717
313 417
393 197
462 212
743 313
253 858
382 621
281 727
202 837
745 541
61 765
447 434
699 775
808 481
780 681
585 415
712 757
530 532
524 640
685 359
694 479
604 134
493 608
101 707
309 46
226 61
719 461
512 693
594 364
66 683
439 23
533 104
548 176
860 98
838 761
138 702
34 163
102 824
526 393
116 720
423 78
272 69
143 112
745 328
269 495
161 750
184 227
494 461
95 369
211 623
570 293
546 524
152 646
303 868
158 839
512 66
96 123
145 41
357 594
479 207
860 67
300 792
199 796
744 264
92 622
560 340
294 876
668 460
646 261
741 574
162 487
210 736
215 453
46 319
99 814
586 728
586 391
568 827
630 538
416 11
256 679
145 127
182 467
674 736
875 705
442 715
182 296
130 793
795 47
408 543
91 191
495 462
298 162
674 785
365 833
355 185
652 654
315 667
325 304
100 40
826 733
410 554
360 821
816 610
859 269
573 214
572 609
324 120
458 279
850 675
530 762
149 300
120 116
90 719
605 625
589 831
465 454
506 764
404 789
650 658
536 601
181 137
734 401
165 463
265 734
290 369
352 767
564 709
581 801
674 26
871 79
813 215
881 766
648 673
656 402
550 79
153 422
328 831
417 369
853 777
378 218
279 821
78 640
878 78
119 781
676 478
202 361
187 763
61 699
391 821
585 801
200 490
457 15
460 781
365 778
52 468
498 251
424 51
580 763
652 216
174 699
458 504
834 419
864 10
182 838
772 489
52 498
440 314
512 386
257 233
494 75
745 442
419 377
518 481
751 585
5 50
540 22
872 323
739 821
675 809
844 267
239 201
639 355
447 192
665 361
492 131
39 131
96 603
765 775
139 740
551 602
143 66
22 86
526 228
486 102
474 67
601 130
578 79
849 541
72 305
843 783
58 697
698 166
277 19
342 780
797 263
353 89
517 304
593 23
503 424
486 288
274 401
572 808
218 552
394 372
273 182
202 71
578 688
92 612
773 778
818 556
853 795
627 26
144 420
519 856
678 756
133 143
778 73
27 158
385 775
688 291
150 441
562 643
351 101
204 422
586 207
241 85
810 309
166 350
414 848
374 50
794 589
372 224
402 134
633 311
675 560
734 704
264 311
72 65
625 608
673 878
288 491
36 795
761 493
216 173
245 710
358 187
760 74
315 214
342 707
683 71
118 665
226 211
630 429
689 295
713 290
57 549
682 780
30 470
76 161
214 615
700 539
414 228
634 290
564 111
515 206
5 3
256 513
311 656
856 402
433 828
735 420
75 159
52 671
282 634
95 208
586 857
820 861
632 291
377 411
149 69
620 715
312 108
52 645
869 385
567 557
304 50
665 380
809 826
601 29
128 667
442 27
122 458
24 26
742 727
29 135
249 750
597 264
477 184
440 780
770 645
736 410
637 529
854 150
462 499
238 663
141 164
74 668
587 416
73 125
228 183
107 225
153 814
200 815
412 576
812 93
842 867
260 94
572 787
748 638
736 385
1 694
396 91
836 325
398 196
438 738
217 365
807 432
823 748
455 438
858 212
439 452
696 531
169 596
757 448
604 286
42 333
190 337
349 96
846 122
472 230
3 464
269 212
686 616
174 541
